0,0
2e-08,0
4e-08,0
6e-08,0
8e-08,0
1e-07,0
1.2e-07,1.2526
1.4e-07,-2.1146
1.6e-07,-1.4087
1.8e-07,-1.7486
2e-07,-1.9586
2.2e-07,-2.099
2.4e-07,-2.2385
2.6e-07,-2.3321
2.8e-07,-2.3959
3e-07,-2.4115
3.2e-07,-2.4428
3.4e-07,-2.4271
3.6e-07,-2.4271
3.8e-07,-2.4271
4e-07,-2.4115
4.2e-07,-2.3959
4.4e-07,-2.3803
4.6e-07,-2.3647
4.8e-07,-2.3165
5e-07,-2.2852
5.2e-07,-2.2541
5.4e-07,-2.2073
5.6e-07,-2.1604
5.8e-07,-2.1146
6e-07,-2.0365
6.2e-07,-1.9586
6.4e-07,-1.8961
6.6e-07,-1.8265
6.8e-07,-1.7486
7e-07,-1.6861
7.2e-07,-1.6247
7.4e-07,-1.5482
7.6e-07,-1.4868
7.8e-07,-1.4399
8e-07,-1.4087
8.2e-07,-1.3774
8.4e-07,-1.3463
8.6e-07,-1.3307
8.8e-07,-1.3307
9e-07,-1.3307
9.2e-07,-1.3463
9.4e-07,-1.3619
9.6e-07,-1.393
9.8e-07,-1.4399
1e-06,-1.4711
1.02e-06,-1.5169
1.04e-06,-1.5778
1.06e-06,-1.6403
1.08e-06,-1.7017
1.1e-06,-1.7797
1.12e-06,-1.8421
1.14e-06,-1.9117
1.16e-06,-1.9742
1.18e-06,-2.0365
1.2e-06,-2.0834
1.22e-06,-2.1448
1.24e-06,-2.1917
1.26e-06,-2.2385
1.28e-06,-2.2852
1.3e-06,-2.3321
1.32e-06,-2.3477
1.34e-06,-2.3803
1.36e-06,-2.3959
1.38e-06,-2.3959
1.4e-06,-2.3959
1.42e-06,-2.3803
1.44e-06,-2.3647
1.46e-06,-2.3477
1.48e-06,-2.3009
1.5e-06,-2.2696
1.52e-06,-2.2229
1.54e-06,-2.176
1.56e-06,-2.1146
1.58e-06,-2.0522
1.6e-06,-1.9898
1.62e-06,-1.9273
1.64e-06,-1.8578
1.66e-06,-1.7953
1.68e-06,-1.7329
1.7e-06,-1.6705
1.72e-06,-1.6091
1.74e-06,-1.5482
1.76e-06,-1.5013
1.78e-06,-1.4399
1.8e-06,-1.4087
1.82e-06,-1.3774
1.84e-06,-1.3463
1.86e-06,-1.3307
1.88e-06,-1.3307
1.9e-06,-1.3307
1.92e-06,-1.3463
1.94e-06,-1.3619
1.96e-06,-1.393
1.98e-06,-1.4399
2e-06,-1.4711
2.02e-06,-1.5169
2.04e-06,-1.5778
2.06e-06,-1.6403
2.08e-06,-1.7017
2.1e-06,-1.7797
2.12e-06,-1.8421
2.14e-06,-1.9117
2.16e-06,-1.9742
2.18e-06,-2.0365
2.2e-06,-2.0834
2.22e-06,-2.1448
2.24e-06,-2.1917
2.26e-06,-2.2385
2.28e-06,-2.2852
2.3e-06,-2.3321
2.32e-06,-2.3477
2.34e-06,-2.3803
2.36e-06,-2.3959
2.38e-06,-2.3959
2.4e-06,-2.3959
2.42e-06,-2.3803
2.44e-06,-2.3647
2.46e-06,-2.3477
2.48e-06,-2.3009
2.5e-06,-2.2696
2.52e-06,-2.2229
2.54e-06,-2.176
2.56e-06,-2.1146
2.58e-06,-2.0522
2.6e-06,-1.9898
2.62e-06,-1.9273
2.64e-06,-1.8578
2.66e-06,-1.7953
2.68e-06,-1.7329
2.7e-06,-1.6705
2.72e-06,-1.6091
2.74e-06,-1.5482
2.76e-06,-1.4711
2.78e-06,-1.4087
2.8e-06,-1.3619
2.82e-06,-1.2838
2.84e-06,-1.2299
2.86e-06,-1.1674
2.88e-06,-1.1051
2.9e-06,-1.0426
2.92e-06,-0.98118
2.94e-06,-0.9187
2.96e-06,-0.85634
2.98e-06,-0.79386
3e-06,-0.73007
3.02e-06,-0.66772
3.04e-06,-0.60524
3.06e-06,-0.54384
3.08e-06,-0.48136
3.1e-06,-0.41901
3.12e-06,-0.35653
3.14e-06,-0.28697
3.16e-06,-0.22449
3.18e-06,-0.16214
3.2e-06,-0.099657
3.22e-06,-0.038264
3.24e-06,0.022639
3.26e-06,0.069512
3.28e-06,0.11528
3.3e-06,0.14651
3.32e-06,0.17776
3.34e-06,0.20887
3.36e-06,0.22449
3.38e-06,0.22449
3.4e-06,0.22449
3.42e-06,0.20887
3.44e-06,0.19338
3.46e-06,0.17776
3.48e-06,0.1309
3.5e-06,0.099657
3.52e-06,0.053887
3.54e-06,-0.0070319
3.56e-06,-0.069512
3.58e-06,-0.1309
3.6e-06,-0.20887
3.62e-06,-0.27135
3.64e-06,-0.3409
3.66e-06,-0.40338
3.68e-06,-0.46574
3.7e-06,-0.5126
3.72e-06,-0.57399
3.74e-06,-0.63647
3.76e-06,-0.69883
3.78e-06,-0.76131
3.8e-06,-0.8251
3.82e-06,-0.88746
3.84e-06,-0.94993
3.86e-06,-1.0113
3.88e-06,-1.0738
3.9e-06,-1.1362
3.92e-06,-1.1986
3.94e-06,-1.2526
3.96e-06,-1.3151
3.98e-06,-1.393
4e-06,-1.4399
4.02e-06,-1.5169
4.04e-06,-1.5778
4.06e-06,-1.6403
4.08e-06,-1.7173
4.1e-06,-1.7642
4.12e-06,-1.8421
4.14e-06,-1.8961
4.16e-06,-1.9586
4.18e-06,-2.0209
4.2e-06,-2.0834
4.22e-06,-2.1448
4.24e-06,-2.1917
4.26e-06,-2.2385
4.28e-06,-2.2852
4.3e-06,-2.3165
4.32e-06,-2.3477
4.34e-06,-2.3803
4.36e-06,-2.3959
4.38e-06,-2.3959
4.4e-06,-2.3959
4.42e-06,-2.3803
4.44e-06,-2.3647
4.46e-06,-2.3477
4.48e-06,-2.3009
4.5e-06,-2.2696
4.52e-06,-2.2229
4.54e-06,-2.176
4.56e-06,-2.1146
4.58e-06,-2.0522
4.6e-06,-1.9898
4.62e-06,-1.9273
4.64e-06,-1.8578
4.66e-06,-1.7953
4.68e-06,-1.7329
4.7e-06,-1.6705
4.72e-06,-1.6091
4.74e-06,-1.5482
4.76e-06,-1.5013
4.78e-06,-1.4399
4.8e-06,-1.4087
4.82e-06,-1.3774
4.84e-06,-1.3463
4.86e-06,-1.3307
4.88e-06,-1.3307
4.9e-06,-1.3307
4.92e-06,-1.3463
4.94e-06,-1.3619
4.96e-06,-1.393
4.98e-06,-1.4399
5e-06,-1.4711
5.02e-06,-1.5169
5.04e-06,-1.5778
5.06e-06,-1.6403
5.08e-06,-1.7017
5.1e-06,-1.7797
5.12e-06,-1.8421
5.14e-06,-1.9117
5.16e-06,-1.9742
5.18e-06,-2.0365
5.2e-06,-2.0834
5.22e-06,-2.1448
5.24e-06,-2.1917
5.26e-06,-2.2385
5.28e-06,-2.2852
5.3e-06,-2.3321
5.32e-06,-2.3477
5.34e-06,-2.3803
5.36e-06,-2.3959
5.38e-06,-2.3959
5.4e-06,-2.3959
5.42e-06,-2.3803
5.44e-06,-2.3647
5.46e-06,-2.3477
5.48e-06,-2.3009
5.5e-06,-2.2696
5.52e-06,-2.2229
5.54e-06,-2.176
5.56e-06,-2.1146
5.58e-06,-2.0522
5.6e-06,-1.9898
5.62e-06,-1.9273
5.64e-06,-1.8578
5.66e-06,-1.7953
5.68e-06,-1.7329
5.7e-06,-1.6705
5.72e-06,-1.6091
5.74e-06,-1.5482
5.76e-06,-1.4711
5.78e-06,-1.4087
5.8e-06,-1.3619
5.82e-06,-1.2838
5.84e-06,-1.2299
5.86e-06,-1.1674
5.88e-06,-1.1051
5.9e-06,-1.0426
5.92e-06,-0.98118
5.94e-06,-0.9187
5.96e-06,-0.85634
5.98e-06,-0.79386
6e-06,-0.73007
6.02e-06,-0.66772
6.04e-06,-0.60524
6.06e-06,-0.54384
6.08e-06,-0.48136
6.1e-06,-0.41901
6.12e-06,-0.35653
6.14e-06,-0.28697
6.16e-06,-0.22449
6.18e-06,-0.16214
6.2e-06,-0.099657
6.22e-06,-0.038264
6.24e-06,0.022639
6.26e-06,0.084032
6.28e-06,0.14651
6.3e-06,0.20887
6.32e-06,0.27135
6.34e-06,0.32528
6.36e-06,0.38776
6.38e-06,0.46574
6.4e-06,0.5126
6.42e-06,0.57399
6.44e-06,0.63647
6.46e-06,0.69883
6.48e-06,0.76131
6.5e-06,0.8251
6.52e-06,0.90308
6.54e-06,0.96556
6.56e-06,1.027
6.58e-06,1.0894
6.6e-06,1.1518
6.62e-06,1.2143
6.64e-06,1.2838
6.66e-06,1.3307
6.68e-06,1.4087
6.7e-06,1.4711
6.72e-06,1.5325
6.74e-06,1.5934
6.76e-06,1.6548
6.78e-06,1.7173
6.8e-06,1.7797
6.82e-06,1.8421
6.84e-06,1.8961
6.86e-06,1.9742
6.88e-06,2.0365
6.9e-06,2.099
6.92e-06,2.1604
6.94e-06,2.2073
6.96e-06,2.2852
6.98e-06,2.3477
7e-06,2.4115
7.02e-06,2.4739
7.04e-06,2.5364
7.06e-06,2.5977
7.08e-06,2.6602
7.1e-06,2.7226
7.12e-06,2.7851
7.14e-06,2.8546
7.16e-06,2.9171
7.18e-06,2.9795
7.2e-06,3.0419
7.22e-06,3.1033
7.24e-06,-3.119
7.26e-06,-3.0721
7.28e-06,-3.0263
7.3e-06,-2.9951
7.32e-06,-2.9638
7.34e-06,-2.9327
7.36e-06,-2.9171
7.38e-06,-2.9171
7.4e-06,-2.9171
7.42e-06,-2.9327
7.44e-06,-2.9482
7.46e-06,-2.9638
7.48e-06,-3.0107
7.5e-06,-3.0419
7.52e-06,-3.0877
7.54e-06,3.1346
7.56e-06,3.0721
7.58e-06,3.0107
7.6e-06,2.9327
7.62e-06,2.8702
7.64e-06,2.8007
7.66e-06,2.7382
7.68e-06,2.6759
7.7e-06,2.629
7.72e-06,2.5676
7.74e-06,2.5051
7.76e-06,2.4428
7.78e-06,2.3803
7.8e-06,2.3165
7.82e-06,2.2541
7.84e-06,2.1917
7.86e-06,2.1303
7.88e-06,2.0678
7.9e-06,2.0054
7.92e-06,1.9429
7.94e-06,1.889
7.96e-06,1.8265
7.98e-06,1.7486
8e-06,1.7017
8.02e-06,1.6247
8.04e-06,1.5638
8.06e-06,1.5013
8.08e-06,1.4243
8.1e-06,1.3774
8.12e-06,1.2994
8.14e-06,1.2455
8.16e-06,1.183
8.18e-06,1.1207
8.2e-06,1.0582
8.22e-06,0.99681
8.24e-06,0.94993
8.26e-06,0.90308
8.28e-06,0.85634
8.3e-06,0.8251
8.32e-06,0.79386
8.34e-06,0.76131
8.36e-06,0.7457
8.38e-06,0.7457
8.4e-06,0.7457
8.42e-06,0.76131
8.44e-06,0.77693
8.46e-06,0.79386
8.48e-06,0.84072
8.5e-06,0.87197
8.52e-06,0.9187
8.54e-06,0.96556
8.56e-06,1.027
8.58e-06,1.0894
8.6e-06,1.1518
8.62e-06,1.2143
8.64e-06,1.2838
8.66e-06,1.3463
8.68e-06,1.4087
8.7e-06,1.4711
8.72e-06,1.5325
8.74e-06,1.5934
8.76e-06,1.6705
8.78e-06,1.7329
8.8e-06,1.7797
8.82e-06,1.8578
8.84e-06,1.9117
8.86e-06,1.9742
8.88e-06,2.0365
8.9e-06,2.099
8.92e-06,2.1604
8.94e-06,2.2229
8.96e-06,2.2852
8.98e-06,2.3477
9e-06,2.4115
9.02e-06,2.4739
9.04e-06,2.5364
9.06e-06,2.5977
9.08e-06,2.6602
9.1e-06,2.7226
9.12e-06,2.7851
9.14e-06,2.8546
9.16e-06,2.9171
9.18e-06,2.9795
9.2e-06,3.0419
9.22e-06,3.1033
9.24e-06,-3.119
9.26e-06,-3.0721
9.28e-06,-3.0263
9.3e-06,-2.9951
9.32e-06,-2.9638
9.34e-06,-2.9327
9.36e-06,-2.9171
9.38e-06,-2.9171
9.4e-06,-2.9171
9.42e-06,-2.9327
9.44e-06,-2.9482
9.46e-06,-2.9638
9.48e-06,-3.0107
9.5e-06,-3.0419
9.52e-06,-3.0877
9.54e-06,3.1346
9.56e-06,3.0721
9.58e-06,3.0107
9.6e-06,2.9327
9.62e-06,2.8702
9.64e-06,2.8007
9.66e-06,2.7382
9.68e-06,2.6759
9.7e-06,2.629
9.72e-06,2.5676
9.74e-06,2.5207
9.76e-06,2.4739
9.78e-06,2.4271
9.8e-06,2.3803
9.82e-06,2.3647
9.84e-06,2.3321
9.86e-06,2.3165
9.88e-06,2.3165
9.9e-06,2.3165
9.92e-06,2.3321
9.94e-06,2.3477
9.96e-06,2.3647
9.98e-06,2.4115
1e-05,2.4428
1.002e-05,2.4895
1.004e-05,2.5364
1.006e-05,2.5977
1.008e-05,2.6602
1.01e-05,2.7226
1.012e-05,2.7851
1.014e-05,2.8546
1.016e-05,2.9171
1.018e-05,2.9795
1.02e-05,3.0419
1.022e-05,3.1033
1.024e-05,-3.119
1.026e-05,-3.0721
1.028e-05,-3.0107
1.03e-05,-2.9795
1.032e-05,-2.9482
1.034e-05,-2.9171
1.036e-05,-2.9015
1.038e-05,-2.9015
1.04e-05,-2.9015
1.042e-05,-2.9171
1.044e-05,-2.9327
1.046e-05,-2.9638
1.048e-05,-3.0107
1.05e-05,-3.0419
1.052e-05,-3.0877
1.054e-05,3.1346
1.056e-05,3.0721
1.058e-05,3.0107
1.06e-05,2.9327
1.062e-05,2.8702
1.064e-05,2.8007
1.066e-05,2.7382
1.068e-05,2.6759
1.07e-05,2.629
1.072e-05,2.5676
1.074e-05,2.5051
1.076e-05,2.4428
1.078e-05,2.3803
1.08e-05,2.3165
1.082e-05,2.2541
1.084e-05,2.1917
1.086e-05,2.1303
1.088e-05,2.0678
1.09e-05,2.0054
1.092e-05,1.9429
1.094e-05,1.889
1.096e-05,1.8265
1.098e-05,1.7486
1.1e-05,1.7017
1.102e-05,1.6247
1.104e-05,1.5638
1.106e-05,1.5013
1.108e-05,1.4243
1.11e-05,1.3774
1.112e-05,1.2994
1.114e-05,1.2455
1.116e-05,1.183
1.118e-05,1.1207
1.12e-05,1.0582
1.122e-05,0.99681
1.124e-05,0.94993
1.126e-05,0.90308
1.128e-05,0.85634
1.13e-05,0.8251
1.132e-05,0.79386
1.134e-05,0.76131
1.136e-05,0.7457
1.138e-05,0.7457
1.14e-05,0.7457
1.142e-05,0.76131
1.144e-05,0.77693
1.146e-05,0.79386
1.148e-05,0.84072
1.15e-05,0.87197
1.152e-05,0.9187
1.154e-05,0.96556
1.156e-05,1.027
1.158e-05,1.0894
1.16e-05,1.1518
1.162e-05,1.2143
1.164e-05,1.2838
1.166e-05,1.3463
1.168e-05,1.4087
1.17e-05,1.4711
1.172e-05,1.5325
1.174e-05,1.5934
1.176e-05,1.6403
1.178e-05,1.7017
1.18e-05,1.7329
1.182e-05,1.7642
1.184e-05,1.7953
1.186e-05,1.8109
1.188e-05,1.8109
1.19e-05,1.8109
1.192e-05,1.7953
1.194e-05,1.7797
1.196e-05,1.7486
1.198e-05,1.7017
1.2e-05,1.6705
1.202e-05,1.6247
1.204e-05,1.5638
1.206e-05,1.5013
1.208e-05,1.4399
1.21e-05,1.3619
1.212e-05,1.2994
1.214e-05,1.2299
1.216e-05,1.1674
1.218e-05,1.1051
1.22e-05,1.0582
1.222e-05,0.99681
1.224e-05,0.93433
1.226e-05,0.87197
1.228e-05,0.80949
1.23e-05,0.7457
1.232e-05,0.68334
1.234e-05,0.62086
1.236e-05,0.55947
1.238e-05,0.49699
1.24e-05,0.43463
1.242e-05,0.37215
1.244e-05,0.31822
1.246e-05,0.25574
1.248e-05,0.17776
1.25e-05,0.1309
1.252e-05,0.053887
1.254e-05,-0.0070319
1.256e-05,-0.069512
1.258e-05,-0.14651
1.26e-05,-0.19338
1.262e-05,-0.27135
1.264e-05,-0.32528
1.266e-05,-0.38776
1.268e-05,-0.45012
1.27e-05,-0.5126
1.272e-05,-0.57399
1.274e-05,-0.63647
1.276e-05,-0.69883
1.278e-05,-0.76131
1.28e-05,-0.8251
1.282e-05,-0.88746
1.284e-05,-0.94993
1.286e-05,-1.0113
1.288e-05,-1.0738
1.29e-05,-1.1362
1.292e-05,-1.1986
1.294e-05,-1.2526
1.296e-05,-1.3151
1.298e-05,-1.393
1.3e-05,-1.4399
1.302e-05,-1.5169
1.304e-05,-1.5778
1.306e-05,-1.6403
1.308e-05,-1.7173
1.31e-05,-1.7642
1.312e-05,-1.8421
1.314e-05,-1.8961
1.316e-05,-1.9586
1.318e-05,-2.0209
1.32e-05,-2.0834
1.322e-05,-2.1448
1.324e-05,-2.2073
1.326e-05,-2.2696
1.328e-05,-2.3321
1.33e-05,-2.3959
1.332e-05,-2.4583
1.334e-05,-2.5207
1.336e-05,-2.5821
1.338e-05,-2.6446
1.34e-05,-2.707
1.342e-05,-2.7694
1.344e-05,-2.8234
1.346e-05,-2.8859
1.348e-05,-2.9638
1.35e-05,-3.0107
1.352e-05,-3.0877
1.354e-05,3.1346
1.356e-05,3.0721
1.358e-05,2.9951
1.36e-05,2.9482
1.362e-05,2.8702
1.364e-05,2.8163
1.366e-05,2.7538
1.368e-05,2.6915
1.37e-05,2.629
1.372e-05,2.5676
1.374e-05,2.5207
1.376e-05,2.4739
1.378e-05,2.4271
1.38e-05,2.3959
1.382e-05,2.3647
1.384e-05,2.3321
1.386e-05,2.3165
1.388e-05,2.3165
1.39e-05,2.3165
1.392e-05,2.3321
1.394e-05,2.3477
1.396e-05,2.3647
1.398e-05,2.4115
1.4e-05,2.4428
1.402e-05,2.4895
1.404e-05,2.5364
1.406e-05,2.5977
1.408e-05,2.6602
1.41e-05,2.7226
1.412e-05,2.7851
1.414e-05,2.8546
1.416e-05,2.9171
1.418e-05,2.9795
1.42e-05,3.0419
1.422e-05,3.1033
1.424e-05,-3.119
1.426e-05,-3.0721
1.428e-05,-3.0107
1.43e-05,-2.9795
1.432e-05,-2.9482
1.434e-05,-2.9171
1.436e-05,-2.9015
1.438e-05,-2.9015
1.44e-05,-2.9015
1.442e-05,-2.9171
1.444e-05,-2.9327
1.446e-05,-2.9638
1.448e-05,-3.0107
1.45e-05,-3.0419
1.452e-05,-3.0877
1.454e-05,3.1346
1.456e-05,3.0721
1.458e-05,3.0107
1.46e-05,2.9327
1.462e-05,2.8702
1.464e-05,2.8007
1.466e-05,2.7382
1.468e-05,2.6759
1.47e-05,2.629
1.472e-05,2.5676
1.474e-05,2.5051
1.476e-05,2.4428
1.478e-05,2.3803
1.48e-05,2.3165
1.482e-05,2.2541
1.484e-05,2.1917
1.486e-05,2.1303
1.488e-05,2.0678
1.49e-05,2.0054
1.492e-05,1.9429
1.494e-05,1.889
1.496e-05,1.8265
1.498e-05,1.7486
1.5e-05,1.7017
1.502e-05,1.6247
1.504e-05,1.5638
1.506e-05,1.5013
1.508e-05,1.4243
1.51e-05,1.3774
1.512e-05,1.2994
1.514e-05,1.2455
1.516e-05,1.183
1.518e-05,1.1207
1.52e-05,1.0582
1.522e-05,0.99681
1.524e-05,0.93433
1.526e-05,0.87197
1.528e-05,0.80949
1.53e-05,0.7457
1.532e-05,0.68334
1.534e-05,0.62086
1.536e-05,0.55947
1.538e-05,0.49699
1.54e-05,0.43463
1.542e-05,0.37215
1.544e-05,0.31822
1.546e-05,0.25574
1.548e-05,0.17776
1.55e-05,0.1309
1.552e-05,0.053887
1.554e-05,-0.0070319
1.556e-05,-0.069512
1.558e-05,-0.14651
1.56e-05,-0.19338
1.562e-05,-0.27135
1.564e-05,-0.32528
1.566e-05,-0.38776
1.568e-05,-0.45012
1.57e-05,-0.5126
1.572e-05,-0.57399
1.574e-05,-0.62086
1.576e-05,-0.66772
1.578e-05,-0.71445
1.58e-05,-0.7457
1.582e-05,-0.77693
1.584e-05,-0.80949
1.586e-05,-0.8251
1.588e-05,-0.8251
1.59e-05,-0.8251
1.592e-05,-0.80949
1.594e-05,-0.79386
1.596e-05,-0.77693
1.598e-05,-0.73007
1.6e-05,-0.69883
1.602e-05,-0.65209
1.604e-05,-0.60524
1.606e-05,-0.54384
1.608e-05,-0.48136
1.61e-05,-0.41901
1.612e-05,-0.35653
1.614e-05,-0.28697
1.616e-05,-0.22449
1.618e-05,-0.16214
1.62e-05,-0.099657
1.622e-05,-0.038264
1.624e-05,0.022639
1.626e-05,0.069512
1.628e-05,0.1309
1.63e-05,0.16214
1.632e-05,0.19338
1.634e-05,0.22449
1.636e-05,0.24012
1.638e-05,0.24012
1.64e-05,0.24012
1.642e-05,0.22449
1.644e-05,0.20887
1.646e-05,0.17776
1.648e-05,0.1309
1.65e-05,0.099657
1.652e-05,0.053887
1.654e-05,-0.0070319
1.656e-05,-0.069512
1.658e-05,-0.1309
1.66e-05,-0.20887
1.662e-05,-0.27135
1.664e-05,-0.3409
1.666e-05,-0.40338
1.668e-05,-0.46574
1.67e-05,-0.5126
1.672e-05,-0.57399
1.674e-05,-0.62086
1.676e-05,-0.66772
1.678e-05,-0.71445
1.68e-05,-0.76131
1.682e-05,-0.77693
1.684e-05,-0.80949
1.686e-05,-0.8251
1.688e-05,-0.8251
1.69e-05,-0.8251
1.692e-05,-0.80949
1.694e-05,-0.79386
1.696e-05,-0.77693
1.698e-05,-0.73007
1.7e-05,-0.69883
1.702e-05,-0.65209
1.704e-05,-0.60524
1.706e-05,-0.54384
1.708e-05,-0.48136
1.71e-05,-0.41901
1.712e-05,-0.35653
1.714e-05,-0.28697
1.716e-05,-0.22449
1.718e-05,-0.16214
1.72e-05,-0.099657
1.722e-05,-0.038264
1.724e-05,0.022639
1.726e-05,0.069512
1.728e-05,0.1309
1.73e-05,0.16214
1.732e-05,0.19338
1.734e-05,0.22449
1.736e-05,0.24012
1.738e-05,0.24012
1.74e-05,0.24012
1.742e-05,0.22449
1.744e-05,0.20887
1.746e-05,0.17776
1.748e-05,0.1309
1.75e-05,0.099657
1.752e-05,0.053887
1.754e-05,-0.0070319
1.756e-05,-0.069512
1.758e-05,-0.1309
1.76e-05,-0.20887
1.762e-05,-0.27135
1.764e-05,-0.3409
1.766e-05,-0.40338
1.768e-05,-0.46574
1.77e-05,-0.5126
1.772e-05,-0.57399
1.774e-05,-0.63647
1.776e-05,-0.69883
1.778e-05,-0.76131
1.78e-05,-0.8251
1.782e-05,-0.88746
1.784e-05,-0.94993
1.786e-05,-1.0113
1.788e-05,-1.0738
1.79e-05,-1.1362
1.792e-05,-1.1986
1.794e-05,-1.2526
1.796e-05,-1.3151
1.798e-05,-1.393
1.8e-05,-1.4399
1.802e-05,-1.5169
1.804e-05,-1.5778
1.806e-05,-1.6403
1.808e-05,-1.7173
1.81e-05,-1.7642
1.812e-05,-1.8421
1.814e-05,-1.8961
1.816e-05,-1.9586
1.818e-05,-2.0209
1.82e-05,-2.0834
1.822e-05,-2.1448
1.824e-05,-2.1917
1.826e-05,-2.2385
1.828e-05,-2.2852
1.83e-05,-2.3165
1.832e-05,-2.3477
1.834e-05,-2.3803
1.836e-05,-2.3959
1.838e-05,-2.3959
1.84e-05,-2.3959
1.842e-05,-2.3803
1.844e-05,-2.3647
1.846e-05,-2.3477
1.848e-05,-2.3009
1.85e-05,-2.2696
1.852e-05,-2.2229
1.854e-05,-2.176
1.856e-05,-2.1146
1.858e-05,-2.0522
1.86e-05,-1.9898
1.862e-05,-1.9273
1.864e-05,-1.8578
1.866e-05,-1.7953
1.868e-05,-1.7329
1.87e-05,-1.6705
1.872e-05,-1.6091
1.874e-05,-1.5482
1.876e-05,-1.4711
1.878e-05,-1.4087
1.88e-05,-1.3619
1.882e-05,-1.2838
1.884e-05,-1.2299
1.886e-05,-1.1674
1.888e-05,-1.1051
1.89e-05,-1.0426
1.892e-05,-0.98118
1.894e-05,-0.9187
1.896e-05,-0.85634
1.898e-05,-0.79386
1.9e-05,-0.73007
1.902e-05,-0.66772
1.904e-05,-0.60524
1.906e-05,-0.54384
1.908e-05,-0.48136
1.91e-05,-0.41901
1.912e-05,-0.35653
1.914e-05,-0.28697
1.916e-05,-0.22449
1.918e-05,-0.16214
1.92e-05,-0.099657
1.922e-05,-0.038264
1.924e-05,0.022639
1.926e-05,0.069512
1.928e-05,0.11528
1.93e-05,0.14651
1.932e-05,0.17776
1.934e-05,0.20887
1.936e-05,0.22449
1.938e-05,0.22449
1.94e-05,0.22449
1.942e-05,0.20887
1.944e-05,0.19338
1.946e-05,0.17776
1.948e-05,0.1309
1.95e-05,0.099657
1.952e-05,0.053887
1.954e-05,-0.0070319
1.956e-05,-0.069512
1.958e-05,-0.1309
1.96e-05,-0.20887
1.962e-05,-0.27135
1.964e-05,-0.3409
1.966e-05,-0.40338
1.968e-05,-0.46574
1.97e-05,-0.5126
1.972e-05,-0.57399
1.974e-05,-0.62086
1.976e-05,-0.66772
1.978e-05,-0.71445
1.98e-05,-0.76131
1.982e-05,-0.77693
1.984e-05,-0.80949
1.986e-05,-0.8251
1.988e-05,-0.8251
1.99e-05,-0.8251
1.992e-05,-0.80949
1.994e-05,-0.79386
1.996e-05,-0.77693
1.998e-05,-0.73007
2e-05,-0.69883
2.002e-05,-0.65209
2.004e-05,-0.60524
2.006e-05,-0.54384
2.008e-05,-0.48136
2.01e-05,-0.41901
2.012e-05,-0.35653
2.014e-05,-0.28697
2.016e-05,-0.22449
2.018e-05,-0.16214
2.02e-05,-0.099657
2.022e-05,-0.038264
2.024e-05,0.022639
2.026e-05,0.099657
2.028e-05,0.16214
2.03e-05,0.20887
2.032e-05,0.28697
2.034e-05,0.3409
2.036e-05,0.40338
2.038e-05,0.46574
2.04e-05,0.52822
2.042e-05,0.58961
2.044e-05,0.65209
2.046e-05,0.71445
2.048e-05,0.77693
2.05e-05,0.84072
2.052e-05,0.90308
2.054e-05,0.96556
2.056e-05,1.027
2.058e-05,1.0894
2.06e-05,1.1518
2.062e-05,1.2143
2.064e-05,1.2838
2.066e-05,1.3463
2.068e-05,1.4087
2.07e-05,1.4711
2.072e-05,1.5325
2.074e-05,1.5934
2.076e-05,1.6403
2.078e-05,1.6861
2.08e-05,1.7173
2.082e-05,1.7642
2.084e-05,1.7797
2.086e-05,1.7953
2.088e-05,1.8109
2.09e-05,1.8109
2.092e-05,1.7953
2.094e-05,1.7797
2.096e-05,1.7486
2.098e-05,1.7173
2.1e-05,1.6861
2.102e-05,1.6247
2.104e-05,1.5638
2.106e-05,1.5013
2.108e-05,1.4399
2.11e-05,1.3774
2.112e-05,1.2994
2.114e-05,1.2455
2.116e-05,1.183
2.118e-05,1.1051
2.12e-05,1.0582
2.122e-05,0.99681
2.124e-05,0.94993
2.126e-05,0.90308
2.128e-05,0.85634
2.13e-05,0.80949
2.132e-05,0.79386
2.134e-05,0.76131
2.136e-05,0.7457
2.138e-05,0.7457
2.14e-05,0.7457
2.142e-05,0.76131
2.144e-05,0.77693
2.146e-05,0.79386
2.148e-05,0.84072
2.15e-05,0.87197
2.152e-05,0.9187
2.154e-05,0.96556
2.156e-05,1.027
2.158e-05,1.0894
2.16e-05,1.1518
2.162e-05,1.2143
2.164e-05,1.2838
2.166e-05,1.3463
2.168e-05,1.4087
2.17e-05,1.4711
2.172e-05,1.5325
2.174e-05,1.5934
2.176e-05,1.6403
2.178e-05,1.7017
2.18e-05,1.7329
2.182e-05,1.7642
2.184e-05,1.7953
2.186e-05,1.8109
2.188e-05,1.8109
2.19e-05,1.8109
2.192e-05,1.7953
2.194e-05,1.7797
2.196e-05,1.7486
2.198e-05,1.7017
2.2e-05,1.6705
2.202e-05,1.6247
2.204e-05,1.5638
2.206e-05,1.5013
2.208e-05,1.4399
2.21e-05,1.3619
2.212e-05,1.2994
2.214e-05,1.2299
2.216e-05,1.1674
2.218e-05,1.1051
2.22e-05,1.0582
2.222e-05,0.99681
2.224e-05,0.94993
2.226e-05,0.90308
2.228e-05,0.85634
2.23e-05,0.80949
2.232e-05,0.79386
2.234e-05,0.76131
2.236e-05,0.7457
2.238e-05,0.7457
2.24e-05,0.7457
2.242e-05,0.76131
2.244e-05,0.77693
2.246e-05,0.79386
2.248e-05,0.84072
2.25e-05,0.87197
2.252e-05,0.9187
2.254e-05,0.96556
2.256e-05,1.027
2.258e-05,1.0894
2.26e-05,1.1518
2.262e-05,1.2143
2.264e-05,1.2838
2.266e-05,1.3463
2.268e-05,1.4087
2.27e-05,1.4711
2.272e-05,1.5325
2.274e-05,1.5934
2.276e-05,1.6705
2.278e-05,1.7329
2.28e-05,1.7797
2.282e-05,1.8578
2.284e-05,1.9117
2.286e-05,1.9742
2.288e-05,2.0365
2.29e-05,2.099
2.292e-05,2.1604
2.294e-05,2.2229
2.296e-05,2.2852
2.298e-05,2.3477
2.3e-05,2.4115
2.302e-05,2.4739
2.304e-05,2.5364
2.306e-05,2.5977
2.308e-05,2.6602
2.31e-05,2.7226
2.312e-05,2.7851
2.314e-05,2.8546
2.316e-05,2.9171
2.318e-05,2.9795
2.32e-05,3.0419
2.322e-05,3.1033
2.324e-05,-3.119
2.326e-05,-3.0576
2.328e-05,-2.9951
2.33e-05,-2.9327
2.332e-05,-2.8702
2.334e-05,-2.8163
2.336e-05,-2.7538
2.338e-05,-2.6759
2.34e-05,-2.629
2.342e-05,-2.5676
2.344e-05,-2.5051
2.346e-05,-2.4428
2.348e-05,-2.3803
2.35e-05,-2.3165
2.352e-05,-2.2385
2.354e-05,-2.176
2.356e-05,-2.1146
2.358e-05,-2.0522
2.36e-05,-1.9898
2.362e-05,-1.9273
2.364e-05,-1.8734
2.366e-05,-1.7953
2.368e-05,-1.7329
2.37e-05,-1.6705
2.372e-05,-1.6091
2.374e-05,-1.5482
2.376e-05,-1.5013
2.378e-05,-1.4555
2.38e-05,-1.4243
2.382e-05,-1.3774
2.384e-05,-1.3619
2.386e-05,-1.3463
2.388e-05,-1.3307
2.39e-05,-1.3307
2.392e-05,-1.3463
2.394e-05,-1.3619
2.396e-05,-1.393
2.398e-05,-1.4243
2.4e-05,-1.4555
2.402e-05,-1.5169
2.404e-05,-1.5778
2.406e-05,-1.6403
2.408e-05,-1.7017
2.41e-05,-1.7642
2.412e-05,-1.8421
2.414e-05,-1.8961
2.416e-05,-1.9586
2.418e-05,-2.0365
2.42e-05,-2.0834
2.422e-05,-2.1448
2.424e-05,-2.2073
2.426e-05,-2.2696
2.428e-05,-2.3321
2.43e-05,-2.3959
2.432e-05,-2.4583
2.434e-05,-2.5207
2.436e-05,-2.5821
2.438e-05,-2.6446
2.44e-05,-2.707
2.442e-05,-2.7694
2.444e-05,-2.8234
2.446e-05,-2.8859
2.448e-05,-2.9638
2.45e-05,-3.0107
2.452e-05,-3.0877
2.454e-05,3.1346
2.456e-05,3.0721
2.458e-05,2.9951
2.46e-05,2.9482
2.462e-05,2.8702
2.464e-05,2.8163
2.466e-05,2.7538
2.468e-05,2.6915
2.47e-05,2.629
2.472e-05,2.5676
2.474e-05,2.5051
2.476e-05,2.4428
2.478e-05,2.3803
2.48e-05,2.3165
2.482e-05,2.2541
2.484e-05,2.1917
2.486e-05,2.1303
2.488e-05,2.0678
2.49e-05,2.0054
2.492e-05,1.9429
2.494e-05,1.889
2.496e-05,1.8265
2.498e-05,1.7486
2.5e-05,1.7017
2.502e-05,1.6247
2.504e-05,1.5638
2.506e-05,1.5013
2.508e-05,1.4243
2.51e-05,1.3774
2.512e-05,1.2994
2.514e-05,1.2455
2.516e-05,1.183
2.518e-05,1.1207
2.52e-05,1.0582
2.522e-05,0.99681
2.524e-05,0.93433
2.526e-05,0.87197
2.528e-05,0.80949
2.53e-05,0.7457
2.532e-05,0.68334
2.534e-05,0.62086
2.536e-05,0.55947
2.538e-05,0.49699
2.54e-05,0.43463
2.542e-05,0.37215
2.544e-05,0.31822
2.546e-05,0.25574
2.548e-05,0.17776
2.55e-05,0.1309
2.552e-05,0.053887
2.554e-05,-0.0070319
2.556e-05,-0.069512
2.558e-05,-0.14651
2.56e-05,-0.19338
2.562e-05,-0.27135
2.564e-05,-0.32528
2.566e-05,-0.38776
2.568e-05,-0.45012
2.57e-05,-0.5126
2.572e-05,-0.57399
2.574e-05,-0.62086
2.576e-05,-0.66772
2.578e-05,-0.71445
2.58e-05,-0.7457
2.582e-05,-0.77693
2.584e-05,-0.80949
2.586e-05,-0.8251
2.588e-05,-0.8251
2.59e-05,-0.8251
2.592e-05,-0.80949
2.594e-05,-0.79386
2.596e-05,-0.77693
2.598e-05,-0.73007
2.6e-05,-0.69883
2.602e-05,-0.65209
2.604e-05,-0.60524
2.606e-05,-0.54384
2.608e-05,-0.48136
2.61e-05,-0.41901
2.612e-05,-0.35653
2.614e-05,-0.28697
2.616e-05,-0.22449
2.618e-05,-0.16214
2.62e-05,-0.099657
2.622e-05,-0.038264
2.624e-05,0.022639
2.626e-05,0.069512
2.628e-05,0.1309
2.63e-05,0.16214
2.632e-05,0.19338
2.634e-05,0.22449
2.636e-05,0.24012
2.638e-05,0.24012
2.64e-05,0.24012
2.642e-05,0.22449
2.644e-05,0.20887
2.646e-05,0.17776
2.648e-05,0.1309
2.65e-05,0.099657
2.652e-05,0.053887
2.654e-05,-0.0070319
2.656e-05,-0.069512
2.658e-05,-0.1309
2.66e-05,-0.20887
2.662e-05,-0.27135
2.664e-05,-0.3409
2.666e-05,-0.40338
2.668e-05,-0.46574
2.67e-05,-0.5126
2.672e-05,-0.57399
2.674e-05,-0.62086
2.676e-05,-0.66772
2.678e-05,-0.71445
2.68e-05,-0.76131
2.682e-05,-0.77693
2.684e-05,-0.80949
2.686e-05,-0.8251
2.688e-05,-0.8251
2.69e-05,-0.8251
2.692e-05,-0.80949
2.694e-05,-0.79386
2.696e-05,-0.77693
2.698e-05,-0.73007
2.7e-05,-0.69883
2.702e-05,-0.65209
2.704e-05,-0.60524
2.706e-05,-0.54384
2.708e-05,-0.48136
2.71e-05,-0.41901
2.712e-05,-0.35653
2.714e-05,-0.28697
2.716e-05,-0.22449
2.718e-05,-0.16214
2.72e-05,-0.099657
2.722e-05,-0.038264
2.724e-05,0.022639
2.726e-05,0.069512
2.728e-05,0.1309
2.73e-05,0.16214
2.732e-05,0.19338
2.734e-05,0.22449
2.736e-05,0.24012
2.738e-05,0.24012
2.74e-05,0.24012
2.742e-05,0.22449
2.744e-05,0.20887
2.746e-05,0.17776
2.748e-05,0.1309
2.75e-05,0.099657
2.752e-05,0.053887
2.754e-05,-0.0070319
2.756e-05,-0.069512
2.758e-05,-0.1309
2.76e-05,-0.20887
2.762e-05,-0.27135
2.764e-05,-0.3409
2.766e-05,-0.40338
2.768e-05,-0.46574
2.77e-05,-0.5126
2.772e-05,-0.57399
2.774e-05,-0.62086
2.776e-05,-0.66772
2.778e-05,-0.71445
2.78e-05,-0.76131
2.782e-05,-0.77693
2.784e-05,-0.80949
2.786e-05,-0.8251
2.788e-05,-0.8251
2.79e-05,-0.8251
2.792e-05,-0.80949
2.794e-05,-0.79386
2.796e-05,-0.77693
2.798e-05,-0.73007
2.8e-05,-0.69883
2.802e-05,-0.65209
2.804e-05,-0.60524
2.806e-05,-0.54384
2.808e-05,-0.48136
2.81e-05,-0.41901
2.812e-05,-0.35653
2.814e-05,-0.28697
2.816e-05,-0.22449
2.818e-05,-0.16214
2.82e-05,-0.099657
2.822e-05,-0.038264
2.824e-05,0.022639
2.826e-05,0.069512
2.828e-05,0.1309
2.83e-05,0.16214
2.832e-05,0.19338
2.834e-05,0.22449
2.836e-05,0.24012
2.838e-05,0.24012
2.84e-05,0.24012
2.842e-05,0.22449
2.844e-05,0.20887
2.846e-05,0.17776
2.848e-05,0.1309
2.85e-05,0.099657
2.852e-05,0.053887
2.854e-05,-0.0070319
2.856e-05,-0.069512
2.858e-05,-0.1309
2.86e-05,-0.20887
2.862e-05,-0.27135
2.864e-05,-0.3409
2.866e-05,-0.40338
2.868e-05,-0.46574
2.87e-05,-0.5126
2.872e-05,-0.57399
2.874e-05,-0.62086
2.876e-05,-0.66772
2.878e-05,-0.71445
2.88e-05,-0.76131
2.882e-05,-0.77693
2.884e-05,-0.80949
2.886e-05,-0.8251
2.888e-05,-0.8251
2.89e-05,-0.8251
2.892e-05,-0.80949
2.894e-05,-0.79386
2.896e-05,-0.77693
2.898e-05,-0.73007
2.9e-05,-0.69883
2.902e-05,-0.65209
2.904e-05,-0.60524
2.906e-05,-0.54384
2.908e-05,-0.48136
2.91e-05,-0.41901
2.912e-05,-0.35653
2.914e-05,-0.28697
2.916e-05,-0.22449
2.918e-05,-0.16214
2.92e-05,-0.099657
2.922e-05,-0.038264
2.924e-05,0.022639
2.926e-05,0.099657
2.928e-05,0.16214
2.93e-05,0.20887
2.932e-05,0.28697
2.934e-05,0.3409
2.936e-05,0.40338
2.938e-05,0.46574
2.94e-05,0.52822
2.942e-05,0.58961
2.944e-05,0.65209
2.946e-05,0.71445
2.948e-05,0.77693
2.95e-05,0.84072
2.952e-05,0.90308
2.954e-05,0.96556
2.956e-05,1.027
2.958e-05,1.0894
2.96e-05,1.1518
2.962e-05,1.2143
2.964e-05,1.2838
2.966e-05,1.3463
2.968e-05,1.4087
2.97e-05,1.4711
2.972e-05,1.5325
2.974e-05,1.5934
2.976e-05,1.6548
2.978e-05,1.7173
2.98e-05,1.7797
2.982e-05,1.8421
2.984e-05,1.8961
2.986e-05,1.9742
2.988e-05,2.0365
2.99e-05,2.099
2.992e-05,2.1604
2.994e-05,2.2073
2.996e-05,2.2852
2.998e-05,2.3477
3e-05,2.4115
3.002e-05,2.4739
3.004e-05,2.5364
3.006e-05,2.5977
3.008e-05,2.6602
3.01e-05,2.7226
3.012e-05,2.7851
3.014e-05,2.8546
3.016e-05,2.9171
3.018e-05,2.9795
3.02e-05,3.0419
3.022e-05,3.1033
3.024e-05,-3.119
3.026e-05,-3.0721
3.028e-05,-3.0263
3.03e-05,-2.9951
3.032e-05,-2.9638
3.034e-05,-2.9327
3.036e-05,-2.9171
3.038e-05,-2.9171
3.04e-05,-2.9171
3.042e-05,-2.9327
3.044e-05,-2.9482
3.046e-05,-2.9638
3.048e-05,-3.0107
3.05e-05,-3.0419
3.052e-05,-3.0877
3.054e-05,3.1346
3.056e-05,3.0721
3.058e-05,3.0107
3.06e-05,2.9327
3.062e-05,2.8702
3.064e-05,2.8007
3.066e-05,2.7382
3.068e-05,2.6759
3.07e-05,2.629
3.072e-05,2.5676
3.074e-05,2.5207
3.076e-05,2.4739
3.078e-05,2.4271
3.08e-05,2.3803
3.082e-05,2.3647
3.084e-05,2.3321
3.086e-05,2.3165
3.088e-05,2.3165
3.09e-05,2.3165
3.092e-05,2.3321
3.094e-05,2.3477
3.096e-05,2.3647
3.098e-05,2.4115
3.1e-05,2.4428
3.102e-05,2.4895
3.104e-05,2.5364
3.106e-05,2.5977
3.108e-05,2.6602
3.11e-05,2.7226
3.112e-05,2.7851
3.114e-05,2.8546
3.116e-05,2.9171
3.118e-05,2.9795
3.12e-05,3.0419
3.122e-05,3.1033
3.124e-05,-3.119
3.126e-05,-3.0419
3.128e-05,-2.9795
3.13e-05,-2.9327
3.132e-05,-2.8546
3.134e-05,-2.8007
3.136e-05,-2.7382
3.138e-05,-2.6759
3.14e-05,-2.6134
3.142e-05,-2.552
3.144e-05,-2.4895
3.146e-05,-2.4271
3.148e-05,-2.3647
3.15e-05,-2.3009
3.152e-05,-2.2385
3.154e-05,-2.176
3.156e-05,-2.1146
3.158e-05,-2.0522
3.16e-05,-1.9898
3.162e-05,-1.9273
3.164e-05,-1.8578
3.166e-05,-1.7953
3.168e-05,-1.7329
3.17e-05,-1.6705
3.172e-05,-1.6091
3.174e-05,-1.5482
3.176e-05,-1.4868
3.178e-05,-1.4243
3.18e-05,-1.3619
3.182e-05,-1.2994
3.184e-05,-1.2455
3.186e-05,-1.1674
3.188e-05,-1.1051
3.19e-05,-1.0426
3.192e-05,-0.98118
3.194e-05,-0.93433
3.196e-05,-0.85634
3.198e-05,-0.79386
3.2e-05,-0.73007
3.202e-05,-0.66772
3.204e-05,-0.60524
3.206e-05,-0.54384
3.208e-05,-0.48136
3.21e-05,-0.41901
3.212e-05,-0.35653
3.214e-05,-0.28697
3.216e-05,-0.22449
3.218e-05,-0.16214
3.22e-05,-0.099657
3.222e-05,-0.038264
3.224e-05,0.022639
3.226e-05,0.084032
3.228e-05,0.14651
3.23e-05,0.20887
3.232e-05,0.27135
3.234e-05,0.32528
3.236e-05,0.38776
3.238e-05,0.46574
3.24e-05,0.5126
3.242e-05,0.57399
3.244e-05,0.63647
3.246e-05,0.69883
3.248e-05,0.76131
3.25e-05,0.8251
3.252e-05,0.90308
3.254e-05,0.96556
3.256e-05,1.027
3.258e-05,1.0894
3.26e-05,1.1518
3.262e-05,1.2143
3.264e-05,1.2838
3.266e-05,1.3307
3.268e-05,1.4087
3.27e-05,1.4711
3.272e-05,1.5325
3.274e-05,1.5934
3.276e-05,1.6548
3.278e-05,1.7173
3.28e-05,1.7797
3.282e-05,1.8421
3.284e-05,1.8961
3.286e-05,1.9742
3.288e-05,2.0365
3.29e-05,2.099
3.292e-05,2.1604
3.294e-05,2.2073
3.296e-05,2.2852
3.298e-05,2.3477
3.3e-05,2.4115
3.302e-05,2.4739
3.304e-05,2.5364
3.306e-05,2.5977
3.308e-05,2.6602
3.31e-05,2.7226
3.312e-05,2.7851
3.314e-05,2.8546
3.316e-05,2.9171
3.318e-05,2.9795
3.32e-05,3.0419
3.322e-05,3.1033
3.324e-05,-3.119
3.326e-05,-3.0721
3.328e-05,-3.0263
3.33e-05,-2.9951
3.332e-05,-2.9638
3.334e-05,-2.9327
3.336e-05,-2.9171
3.338e-05,-2.9171
3.34e-05,-2.9171
3.342e-05,-2.9327
3.344e-05,-2.9482
3.346e-05,-2.9638
3.348e-05,-3.0107
3.35e-05,-3.0419
3.352e-05,-3.0877
3.354e-05,3.1346
3.356e-05,3.0721
3.358e-05,3.0107
3.36e-05,2.9327
3.362e-05,2.8702
3.364e-05,2.8007
3.366e-05,2.7382
3.368e-05,2.6759
3.37e-05,2.629
3.372e-05,2.5676
3.374e-05,2.5051
3.376e-05,2.4428
3.378e-05,2.3803
3.38e-05,2.3165
3.382e-05,2.2541
3.384e-05,2.1917
3.386e-05,2.1303
3.388e-05,2.0678
3.39e-05,2.0054
3.392e-05,1.9429
3.394e-05,1.889
3.396e-05,1.8265
3.398e-05,1.7486
3.4e-05,1.7017
3.402e-05,1.6247
3.404e-05,1.5638
3.406e-05,1.5013
3.408e-05,1.4243
3.41e-05,1.3774
3.412e-05,1.2994
3.414e-05,1.2455
3.416e-05,1.183
3.418e-05,1.1207
3.42e-05,1.0582
3.422e-05,0.99681
3.424e-05,0.93433
3.426e-05,0.87197
3.428e-05,0.80949
3.43e-05,0.7457
3.432e-05,0.68334
3.434e-05,0.62086
3.436e-05,0.55947
3.438e-05,0.49699
3.44e-05,0.43463
3.442e-05,0.37215
3.444e-05,0.31822
3.446e-05,0.25574
3.448e-05,0.17776
3.45e-05,0.1309
3.452e-05,0.053887
3.454e-05,-0.0070319
3.456e-05,-0.069512
3.458e-05,-0.14651
3.46e-05,-0.19338
3.462e-05,-0.27135
3.464e-05,-0.32528
3.466e-05,-0.38776
3.468e-05,-0.45012
3.47e-05,-0.5126
3.472e-05,-0.57399
3.474e-05,-0.62086
3.476e-05,-0.66772
3.478e-05,-0.71445
3.48e-05,-0.7457
3.482e-05,-0.77693
3.484e-05,-0.80949
3.486e-05,-0.8251
3.488e-05,-0.8251
3.49e-05,-0.8251
3.492e-05,-0.80949
3.494e-05,-0.79386
3.496e-05,-0.77693
3.498e-05,-0.73007
3.5e-05,-0.69883
3.502e-05,-0.65209
3.504e-05,-0.60524
3.506e-05,-0.54384
3.508e-05,-0.48136
3.51e-05,-0.41901
3.512e-05,-0.35653
3.514e-05,-0.28697
3.516e-05,-0.22449
3.518e-05,-0.16214
3.52e-05,-0.099657
3.522e-05,-0.038264
3.524e-05,0.022639
3.526e-05,0.099657
3.528e-05,0.16214
3.53e-05,0.20887
3.532e-05,0.28697
3.534e-05,0.3409
3.536e-05,0.40338
3.538e-05,0.46574
3.54e-05,0.52822
3.542e-05,0.58961
3.544e-05,0.65209
3.546e-05,0.71445
3.548e-05,0.77693
3.55e-05,0.84072
3.552e-05,0.90308
3.554e-05,0.96556
3.556e-05,1.027
3.558e-05,1.0894
3.56e-05,1.1518
3.562e-05,1.2143
3.564e-05,1.2838
3.566e-05,1.3463
3.568e-05,1.4087
3.57e-05,1.4711
3.572e-05,1.5325
3.574e-05,1.5934
3.576e-05,1.6403
3.578e-05,1.6861
3.58e-05,1.7173
3.582e-05,1.7642
3.584e-05,1.7797
3.586e-05,1.7953
3.588e-05,1.8109
3.59e-05,1.8109
3.592e-05,1.7953
3.594e-05,1.7797
3.596e-05,1.7486
3.598e-05,1.7173
3.6e-05,1.6861
3.602e-05,1.6247
3.604e-05,1.5638
3.606e-05,1.5013
3.608e-05,1.4399
3.61e-05,1.3774
3.612e-05,1.2994
3.614e-05,1.2455
3.616e-05,1.183
3.618e-05,1.1051
3.62e-05,1.0582
3.622e-05,0.99681
3.624e-05,0.94993
3.626e-05,0.90308
3.628e-05,0.85634
3.63e-05,0.80949
3.632e-05,0.79386
3.634e-05,0.76131
3.636e-05,0.7457
3.638e-05,0.7457
3.64e-05,0.7457
3.642e-05,0.76131
3.644e-05,0.77693
3.646e-05,0.79386
3.648e-05,0.84072
3.65e-05,0.87197
3.652e-05,0.9187
3.654e-05,0.96556
3.656e-05,1.027
3.658e-05,1.0894
3.66e-05,1.1518
3.662e-05,1.2143
3.664e-05,1.2838
3.666e-05,1.3463
3.668e-05,1.4087
3.67e-05,1.4711
3.672e-05,1.5325
3.674e-05,1.5934
3.676e-05,1.6705
3.678e-05,1.7329
3.68e-05,1.7797
3.682e-05,1.8578
3.684e-05,1.9117
3.686e-05,1.9742
3.688e-05,2.0365
3.69e-05,2.099
3.692e-05,2.1604
3.694e-05,2.2229
3.696e-05,2.2852
3.698e-05,2.3477
3.7e-05,2.4115
3.702e-05,2.4739
3.704e-05,2.5364
3.706e-05,2.5977
3.708e-05,2.6602
3.71e-05,2.7226
3.712e-05,2.7851
3.714e-05,2.8546
3.716e-05,2.9171
3.718e-05,2.9795
3.72e-05,3.0419
3.722e-05,3.1033
3.724e-05,-3.119
3.726e-05,-3.0721
3.728e-05,-3.0263
3.73e-05,-2.9951
3.732e-05,-2.9638
3.734e-05,-2.9327
3.736e-05,-2.9171
3.738e-05,-2.9171
3.74e-05,-2.9171
3.742e-05,-2.9327
3.744e-05,-2.9482
3.746e-05,-2.9638
3.748e-05,-3.0107
3.75e-05,-3.0419
3.752e-05,-3.0877
3.754e-05,3.1346
3.756e-05,3.0721
3.758e-05,3.0107
3.76e-05,2.9327
3.762e-05,2.8702
3.764e-05,2.8007
3.766e-05,2.7382
3.768e-05,2.6759
3.77e-05,2.629
3.772e-05,2.5676
3.774e-05,2.5207
3.776e-05,2.4739
3.778e-05,2.4271
3.78e-05,2.3803
3.782e-05,2.3647
3.784e-05,2.3321
3.786e-05,2.3165
3.788e-05,2.3165
3.79e-05,2.3165
3.792e-05,2.3321
3.794e-05,2.3477
3.796e-05,2.3647
3.798e-05,2.4115
3.8e-05,2.4428
3.802e-05,2.4895
3.804e-05,2.5364
3.806e-05,2.5977
3.808e-05,2.6602
3.81e-05,2.7226
3.812e-05,2.7851
3.814e-05,2.8546
3.816e-05,2.9171
3.818e-05,2.9795
3.82e-05,3.0419
3.822e-05,3.1033
3.824e-05,-3.119
3.826e-05,-3.0419
3.828e-05,-2.9795
3.83e-05,-2.9327
3.832e-05,-2.8546
3.834e-05,-2.8007
3.836e-05,-2.7382
3.838e-05,-2.6759
3.84e-05,-2.6134
3.842e-05,-2.552
3.844e-05,-2.4895
3.846e-05,-2.4271
3.848e-05,-2.3647
3.85e-05,-2.3009
3.852e-05,-2.2385
3.854e-05,-2.176
3.856e-05,-2.1146
3.858e-05,-2.0522
3.86e-05,-1.9898
3.862e-05,-1.9273
3.864e-05,-1.8578
3.866e-05,-1.7953
3.868e-05,-1.7329
3.87e-05,-1.6705
3.872e-05,-1.6091
3.874e-05,-1.5482
3.876e-05,-1.5013
3.878e-05,-1.4555
3.88e-05,-1.4243
3.882e-05,-1.3774
3.884e-05,-1.3619
3.886e-05,-1.3463
3.888e-05,-1.3307
3.89e-05,-1.3307
3.892e-05,-1.3463
3.894e-05,-1.3619
3.896e-05,-1.393
3.898e-05,-1.4243
3.9e-05,-1.4555
3.902e-05,-1.5169
3.904e-05,-1.5778
3.906e-05,-1.6403
3.908e-05,-1.7017
3.91e-05,-1.7642
3.912e-05,-1.8421
3.914e-05,-1.8961
3.916e-05,-1.9586
3.918e-05,-2.0365
3.92e-05,-2.0834
3.922e-05,-2.1448
3.924e-05,-2.1917
3.926e-05,-2.2385
3.928e-05,-2.2852
3.93e-05,-2.3321
3.932e-05,-2.3477
3.934e-05,-2.3803
3.936e-05,-2.3959
3.938e-05,-2.3959
3.94e-05,-2.3959
3.942e-05,-2.3803
3.944e-05,-2.3647
3.946e-05,-2.3477
3.948e-05,-2.3009
3.95e-05,-2.2696
3.952e-05,-2.2229
3.954e-05,-2.176
3.956e-05,-2.1146
3.958e-05,-2.0522
3.96e-05,-1.9898
3.962e-05,-1.9273
3.964e-05,-1.8578
3.966e-05,-1.7953
3.968e-05,-1.7329
3.97e-05,-1.6705
3.972e-05,-1.6091
3.974e-05,-1.5482
3.976e-05,-1.4711
3.978e-05,-1.4087
3.98e-05,-1.3619
3.982e-05,-1.2838
3.984e-05,-1.2299
3.986e-05,-1.1674
3.988e-05,-1.1051
3.99e-05,-1.0426
3.992e-05,-0.98118
3.994e-05,-0.9187
3.996e-05,-0.85634
3.998e-05,-0.79386
4e-05,-0.73007
4.002e-05,-0.66772
4.004e-05,-0.60524
4.006e-05,-0.54384
4.008e-05,-0.48136
4.01e-05,-0.41901
4.012e-05,-0.35653
4.014e-05,-0.28697
4.016e-05,-0.22449
4.018e-05,-0.16214
4.02e-05,-0.099657
4.022e-05,-0.038264
4.024e-05,0.022639
4.026e-05,0.084032
4.028e-05,0.14651
4.03e-05,0.20887
4.032e-05,0.27135
4.034e-05,0.32528
4.036e-05,0.38776
4.038e-05,0.46574
4.04e-05,0.5126
4.042e-05,0.57399
4.044e-05,0.63647
4.046e-05,0.69883
4.048e-05,0.76131
4.05e-05,0.8251
4.052e-05,0.90308
4.054e-05,0.96556
4.056e-05,1.027
4.058e-05,1.0894
4.06e-05,1.1518
4.062e-05,1.2143
4.064e-05,1.2838
4.066e-05,1.3307
4.068e-05,1.4087
4.07e-05,1.4711
4.072e-05,1.5325
4.074e-05,1.5934
4.076e-05,1.6548
4.078e-05,1.7173
4.08e-05,1.7797
4.082e-05,1.8421
4.084e-05,1.8961
4.086e-05,1.9742
4.088e-05,2.0365
4.09e-05,2.099
4.092e-05,2.1604
4.094e-05,2.2073
4.096e-05,2.2852
4.098e-05,2.3477
4.1e-05,2.4115
4.102e-05,2.4739
4.104e-05,2.5364
4.106e-05,2.5977
4.108e-05,2.6602
4.11e-05,2.7226
4.112e-05,2.7851
4.114e-05,2.8546
4.116e-05,2.9171
4.118e-05,2.9795
4.12e-05,3.0419
4.122e-05,3.1033
4.124e-05,-3.119
4.126e-05,-3.0576
4.128e-05,-2.9951
4.13e-05,-2.9327
4.132e-05,-2.8702
4.134e-05,-2.8163
4.136e-05,-2.7538
4.138e-05,-2.6759
4.14e-05,-2.629
4.142e-05,-2.5676
4.144e-05,-2.5051
4.146e-05,-2.4428
4.148e-05,-2.3803
4.15e-05,-2.3165
4.152e-05,-2.2385
4.154e-05,-2.176
4.156e-05,-2.1146
4.158e-05,-2.0522
4.16e-05,-1.9898
4.162e-05,-1.9273
4.164e-05,-1.8578
4.166e-05,-1.8109
4.168e-05,-1.7329
4.17e-05,-1.6705
4.172e-05,-1.6091
4.174e-05,-1.5482
4.176e-05,-1.4868
4.178e-05,-1.4243
4.18e-05,-1.3619
4.182e-05,-1.2994
4.184e-05,-1.2455
4.186e-05,-1.1674
4.188e-05,-1.1051
4.19e-05,-1.0426
4.192e-05,-0.98118
4.194e-05,-0.93433
4.196e-05,-0.85634
4.198e-05,-0.79386
4.2e-05,-0.73007
4.202e-05,-0.66772
4.204e-05,-0.60524
4.206e-05,-0.54384
4.208e-05,-0.48136
4.21e-05,-0.41901
4.212e-05,-0.35653
4.214e-05,-0.28697
4.216e-05,-0.22449
4.218e-05,-0.16214
4.22e-05,-0.099657
4.222e-05,-0.038264
4.224e-05,0.022639
4.226e-05,0.069512
4.228e-05,0.11528
4.23e-05,0.14651
4.232e-05,0.17776
4.234e-05,0.20887
4.236e-05,0.22449
4.238e-05,0.22449
4.24e-05,0.22449
4.242e-05,0.20887
4.244e-05,0.19338
4.246e-05,0.17776
4.248e-05,0.1309
4.25e-05,0.099657
4.252e-05,0.053887
4.254e-05,-0.0070319
4.256e-05,-0.069512
4.258e-05,-0.1309
4.26e-05,-0.20887
4.262e-05,-0.27135
4.264e-05,-0.3409
4.266e-05,-0.40338
4.268e-05,-0.46574
4.27e-05,-0.5126
4.272e-05,-0.57399
4.274e-05,-0.62086
4.276e-05,-0.66772
4.278e-05,-0.71445
4.28e-05,-0.76131
4.282e-05,-0.77693
4.284e-05,-0.80949
4.286e-05,-0.8251
4.288e-05,-0.8251
4.29e-05,-0.8251
4.292e-05,-0.80949
4.294e-05,-0.79386
4.296e-05,-0.77693
4.298e-05,-0.73007
4.3e-05,-0.69883
4.302e-05,-0.65209
4.304e-05,-0.60524
4.306e-05,-0.54384
4.308e-05,-0.48136
4.31e-05,-0.41901
4.312e-05,-0.35653
4.314e-05,-0.28697
4.316e-05,-0.22449
4.318e-05,-0.16214
4.32e-05,-0.099657
4.322e-05,-0.038264
4.324e-05,0.022639
4.326e-05,0.069512
4.328e-05,0.1309
4.33e-05,0.16214
4.332e-05,0.19338
4.334e-05,0.22449
4.336e-05,0.24012
4.338e-05,0.24012
4.34e-05,0.24012
4.342e-05,0.22449
4.344e-05,0.20887
4.346e-05,0.17776
4.348e-05,0.1309
4.35e-05,0.099657
4.352e-05,0.053887
4.354e-05,-0.0070319
4.356e-05,-0.069512
4.358e-05,-0.1309
4.36e-05,-0.20887
4.362e-05,-0.27135
4.364e-05,-0.3409
4.366e-05,-0.40338
4.368e-05,-0.46574
4.37e-05,-0.5126
4.372e-05,-0.57399
4.374e-05,-0.63647
4.376e-05,-0.69883
4.378e-05,-0.76131
4.38e-05,-0.8251
4.382e-05,-0.88746
4.384e-05,-0.94993
4.386e-05,-1.0113
4.388e-05,-1.0738
4.39e-05,-1.1362
4.392e-05,-1.1986
4.394e-05,-1.2526
4.396e-05,-1.3151
4.398e-05,-1.393
4.4e-05,-1.4399
4.402e-05,-1.5169
4.404e-05,-1.5778
4.406e-05,-1.6403
4.408e-05,-1.7173
4.41e-05,-1.7642
4.412e-05,-1.8421
4.414e-05,-1.8961
4.416e-05,-1.9586
4.418e-05,-2.0209
4.42e-05,-2.0834
4.422e-05,-2.1448
4.424e-05,-2.1917
4.426e-05,-2.2385
4.428e-05,-2.2852
4.43e-05,-2.3165
4.432e-05,-2.3477
4.434e-05,-2.3803
4.436e-05,-2.3959
4.438e-05,-2.3959
4.44e-05,-2.3959
4.442e-05,-2.3803
4.444e-05,-2.3647
4.446e-05,-2.3477
4.448e-05,-2.3009
4.45e-05,-2.2696
4.452e-05,-2.2229
4.454e-05,-2.176
4.456e-05,-2.1146
4.458e-05,-2.0522
4.46e-05,-1.9898
4.462e-05,-1.9273
4.464e-05,-1.8578
4.466e-05,-1.7953
4.468e-05,-1.7329
4.47e-05,-1.6705
4.472e-05,-1.6091
4.474e-05,-1.5482
4.476e-05,-1.4711
4.478e-05,-1.4087
4.48e-05,-1.3619
4.482e-05,-1.2838
4.484e-05,-1.2299
4.486e-05,-1.1674
4.488e-05,-1.1051
4.49e-05,-1.0426
4.492e-05,-0.98118
4.494e-05,-0.9187
4.496e-05,-0.85634
4.498e-05,-0.79386
4.5e-05,-0.73007
4.502e-05,-0.66772
4.504e-05,-0.60524
4.506e-05,-0.54384
4.508e-05,-0.48136
4.51e-05,-0.41901
4.512e-05,-0.35653
4.514e-05,-0.28697
4.516e-05,-0.22449
4.518e-05,-0.16214
4.52e-05,-0.099657
4.522e-05,-0.038264
4.524e-05,0.022639
4.526e-05,0.069512
4.528e-05,0.11528
4.53e-05,0.14651
4.532e-05,0.17776
4.534e-05,0.20887
4.536e-05,0.22449
4.538e-05,0.22449
4.54e-05,0.22449
4.542e-05,0.20887
4.544e-05,0.19338
4.546e-05,0.17776
4.548e-05,0.1309
4.55e-05,0.099657
4.552e-05,0.053887
4.554e-05,-0.0070319
4.556e-05,-0.069512
4.558e-05,-0.1309
4.56e-05,-0.20887
4.562e-05,-0.27135
4.564e-05,-0.3409
4.566e-05,-0.40338
4.568e-05,-0.46574
4.57e-05,-0.5126
4.572e-05,-0.57399
4.574e-05,-0.63647
4.576e-05,-0.69883
4.578e-05,-0.76131
4.58e-05,-0.8251
4.582e-05,-0.88746
4.584e-05,-0.94993
4.586e-05,-1.0113
4.588e-05,-1.0738
4.59e-05,-1.1362
4.592e-05,-1.1986
4.594e-05,-1.2526
4.596e-05,-1.3151
4.598e-05,-1.393
4.6e-05,-1.4399
4.602e-05,-1.5169
4.604e-05,-1.5778
4.606e-05,-1.6403
4.608e-05,-1.7173
4.61e-05,-1.7642
4.612e-05,-1.8421
4.614e-05,-1.8961
4.616e-05,-1.9586
4.618e-05,-2.0209
4.62e-05,-2.0834
4.622e-05,-2.1448
4.624e-05,-2.1917
4.626e-05,-2.2385
4.628e-05,-2.2852
4.63e-05,-2.3165
4.632e-05,-2.3477
4.634e-05,-2.3803
4.636e-05,-2.3959
4.638e-05,-2.3959
4.64e-05,-2.3959
4.642e-05,-2.3803
4.644e-05,-2.3647
4.646e-05,-2.3477
4.648e-05,-2.3009
4.65e-05,-2.2696
4.652e-05,-2.2229
4.654e-05,-2.176
4.656e-05,-2.1146
4.658e-05,-2.0522
4.66e-05,-1.9898
4.662e-05,-1.9273
4.664e-05,-1.8578
4.666e-05,-1.7953
4.668e-05,-1.7329
4.67e-05,-1.6705
4.672e-05,-1.6091
4.674e-05,-1.5482
4.676e-05,-1.5013
4.678e-05,-1.4399
4.68e-05,-1.4087
4.682e-05,-1.3774
4.684e-05,-1.3463
4.686e-05,-1.3307
4.688e-05,-1.3307
4.69e-05,-1.3307
4.692e-05,-1.3463
4.694e-05,-1.3619
4.696e-05,-1.393
4.698e-05,-1.4399
4.7e-05,-1.4711
4.702e-05,-1.5169
4.704e-05,-1.5778
4.706e-05,-1.6403
4.708e-05,-1.7017
4.71e-05,-1.7797
4.712e-05,-1.8421
4.714e-05,-1.9117
4.716e-05,-1.9742
4.718e-05,-2.0365
4.72e-05,-2.0834
4.722e-05,-2.1448
4.724e-05,-2.2073
4.726e-05,-2.2696
4.728e-05,-2.3321
4.73e-05,-2.3959
4.732e-05,-2.4583
4.734e-05,-2.5207
4.736e-05,-2.5821
4.738e-05,-2.6446
4.74e-05,-2.707
4.742e-05,-2.7694
4.744e-05,-2.8234
4.746e-05,-2.8859
4.748e-05,-2.9638
4.75e-05,-3.0107
4.752e-05,-3.0877
4.754e-05,3.1346
4.756e-05,3.0721
4.758e-05,2.9951
4.76e-05,2.9482
4.762e-05,2.8702
4.764e-05,2.8163
4.766e-05,2.7538
4.768e-05,2.6915
4.77e-05,2.629
4.772e-05,2.5676
4.774e-05,2.5207
4.776e-05,2.4739
4.778e-05,2.4271
4.78e-05,2.3959
4.782e-05,2.3647
4.784e-05,2.3321
4.786e-05,2.3165
4.788e-05,2.3165
4.79e-05,2.3165
4.792e-05,2.3321
4.794e-05,2.3477
4.796e-05,2.3647
4.798e-05,2.4115
4.8e-05,2.4428
4.802e-05,2.4895
4.804e-05,2.5364
4.806e-05,2.5977
4.808e-05,2.6602
4.81e-05,2.7226
4.812e-05,2.7851
4.814e-05,2.8546
4.816e-05,2.9171
4.818e-05,2.9795
4.82e-05,3.0419
4.822e-05,3.1033
4.824e-05,-3.119
4.826e-05,-3.0721
4.828e-05,-3.0107
4.83e-05,-2.9795
4.832e-05,-2.9482
4.834e-05,-2.9171
4.836e-05,-2.9015
4.838e-05,-2.9015
4.84e-05,-2.9015
4.842e-05,-2.9171
4.844e-05,-2.9327
4.846e-05,-2.9638
4.848e-05,-3.0107
4.85e-05,-3.0419
4.852e-05,-3.0877
4.854e-05,3.1346
4.856e-05,3.0721
4.858e-05,3.0107
4.86e-05,2.9327
4.862e-05,2.8702
4.864e-05,2.8007
4.866e-05,2.7382
4.868e-05,2.6759
4.87e-05,2.629
4.872e-05,2.5676
4.874e-05,2.5051
4.876e-05,2.4428
4.878e-05,2.3803
4.88e-05,2.3165
4.882e-05,2.2541
4.884e-05,2.1917
4.886e-05,2.1303
4.888e-05,2.0678
4.89e-05,2.0054
4.892e-05,1.9429
4.894e-05,1.889
4.896e-05,1.8265
4.898e-05,1.7486
4.9e-05,1.7017
4.902e-05,1.6247
4.904e-05,1.5638
4.906e-05,1.5013
4.908e-05,1.4243
4.91e-05,1.3774
4.912e-05,1.2994
4.914e-05,1.2455
4.916e-05,1.183
4.918e-05,1.1207
4.92e-05,1.0582
4.922e-05,0.99681
4.924e-05,0.93433
4.926e-05,0.87197
4.928e-05,0.80949
4.93e-05,0.7457
4.932e-05,0.68334
4.934e-05,0.62086
4.936e-05,0.55947
4.938e-05,0.49699
4.94e-05,0.43463
4.942e-05,0.37215
4.944e-05,0.31822
4.946e-05,0.25574
4.948e-05,0.17776
4.95e-05,0.1309
4.952e-05,0.053887
4.954e-05,-0.0070319
4.956e-05,-0.069512
4.958e-05,-0.14651
4.96e-05,-0.19338
4.962e-05,-0.27135
4.964e-05,-0.32528
4.966e-05,-0.38776
4.968e-05,-0.45012
4.97e-05,-0.5126
4.972e-05,-0.57399
4.974e-05,-0.62086
4.976e-05,-0.66772
4.978e-05,-0.71445
4.98e-05,-0.7457
4.982e-05,-0.77693
4.984e-05,-0.80949
4.986e-05,-0.8251
4.988e-05,-0.8251
4.99e-05,-0.8251
4.992e-05,-0.80949
4.994e-05,-0.79386
4.996e-05,-0.77693
4.998e-05,-0.73007
5e-05,-0.69883
5.002e-05,-0.65209
5.004e-05,-0.60524
5.006e-05,-0.54384
5.008e-05,-0.48136
5.01e-05,-0.41901
5.012e-05,-0.35653
5.014e-05,-0.28697
5.016e-05,-0.22449
5.018e-05,-0.16214
5.02e-05,-0.099657
5.022e-05,-0.038264
5.024e-05,0.022639
5.026e-05,0.099657
5.028e-05,0.16214
5.03e-05,0.20887
5.032e-05,0.28697
5.034e-05,0.3409
5.036e-05,0.40338
5.038e-05,0.46574
5.04e-05,0.52822
5.042e-05,0.58961
5.044e-05,0.65209
5.046e-05,0.71445
5.048e-05,0.77693
5.05e-05,0.84072
5.052e-05,0.90308
5.054e-05,0.96556
5.056e-05,1.027
5.058e-05,1.0894
5.06e-05,1.1518
5.062e-05,1.2143
5.064e-05,1.2838
5.066e-05,1.3463
5.068e-05,1.4087
5.07e-05,1.4711
5.072e-05,1.5325
5.074e-05,1.5934
5.076e-05,1.6403
5.078e-05,1.6861
5.08e-05,1.7173
5.082e-05,1.7642
5.084e-05,1.7797
5.086e-05,1.7953
5.088e-05,1.8109
5.09e-05,1.8109
5.092e-05,1.7953
5.094e-05,1.7797
5.096e-05,1.7486
5.098e-05,1.7173
5.1e-05,1.6861
5.102e-05,1.6247
5.104e-05,1.5638
5.106e-05,1.5013
5.108e-05,1.4399
5.11e-05,1.3774
5.112e-05,1.2994
5.114e-05,1.2455
5.116e-05,1.183
5.118e-05,1.1051
5.12e-05,1.0582
5.122e-05,0.99681
5.124e-05,0.94993
5.126e-05,0.90308
5.128e-05,0.85634
5.13e-05,0.80949
5.132e-05,0.79386
5.134e-05,0.76131
5.136e-05,0.7457
5.138e-05,0.7457
5.14e-05,0.7457
5.142e-05,0.76131
5.144e-05,0.77693
5.146e-05,0.79386
5.148e-05,0.84072
5.15e-05,0.87197
5.152e-05,0.9187
5.154e-05,0.96556
5.156e-05,1.027
5.158e-05,1.0894
5.16e-05,1.1518
5.162e-05,1.2143
5.164e-05,1.2838
5.166e-05,1.3463
5.168e-05,1.4087
5.17e-05,1.4711
5.172e-05,1.5325
5.174e-05,1.5934
5.176e-05,1.6403
5.178e-05,1.7017
5.18e-05,1.7329
5.182e-05,1.7642
5.184e-05,1.7953
5.186e-05,1.8109
5.188e-05,1.8109
5.19e-05,1.8109
5.192e-05,1.7953
5.194e-05,1.7797
5.196e-05,1.7486
5.198e-05,1.7017
5.2e-05,1.6705
5.202e-05,1.6247
5.204e-05,1.5638
5.206e-05,1.5013
5.208e-05,1.4399
5.21e-05,1.3619
5.212e-05,1.2994
5.214e-05,1.2299
5.216e-05,1.1674
5.218e-05,1.1051
5.22e-05,1.0582
5.222e-05,0.99681
5.224e-05,0.93433
5.226e-05,0.87197
5.228e-05,0.80949
5.23e-05,0.7457
5.232e-05,0.68334
5.234e-05,0.62086
5.236e-05,0.55947
5.238e-05,0.49699
5.24e-05,0.43463
5.242e-05,0.37215
5.244e-05,0.31822
5.246e-05,0.25574
5.248e-05,0.17776
5.25e-05,0.1309
5.252e-05,0.053887
5.254e-05,-0.0070319
5.256e-05,-0.069512
5.258e-05,-0.14651
5.26e-05,-0.19338
5.262e-05,-0.27135
5.264e-05,-0.32528
5.266e-05,-0.38776
5.268e-05,-0.45012
5.27e-05,-0.5126
5.272e-05,-0.57399
5.274e-05,-0.63647
5.276e-05,-0.69883
5.278e-05,-0.76131
5.28e-05,-0.8251
5.282e-05,-0.88746
5.284e-05,-0.94993
5.286e-05,-1.0113
5.288e-05,-1.0738
5.29e-05,-1.1362
5.292e-05,-1.1986
5.294e-05,-1.2526
5.296e-05,-1.3151
5.298e-05,-1.393
5.3e-05,-1.4399
5.302e-05,-1.5169
5.304e-05,-1.5778
5.306e-05,-1.6403
5.308e-05,-1.7173
5.31e-05,-1.7642
5.312e-05,-1.8421
5.314e-05,-1.8961
5.316e-05,-1.9586
5.318e-05,-2.0209
5.32e-05,-2.0834
5.322e-05,-2.1448
5.324e-05,-2.1917
5.326e-05,-2.2385
5.328e-05,-2.2852
5.33e-05,-2.3165
5.332e-05,-2.3477
5.334e-05,-2.3803
5.336e-05,-2.3959
5.338e-05,-2.3959
5.34e-05,-2.3959
5.342e-05,-2.3803
5.344e-05,-2.3647
5.346e-05,-2.3477
5.348e-05,-2.3009
5.35e-05,-2.2696
5.352e-05,-2.2229
5.354e-05,-2.176
5.356e-05,-2.1146
5.358e-05,-2.0522
5.36e-05,-1.9898
5.362e-05,-1.9273
5.364e-05,-1.8578
5.366e-05,-1.7953
5.368e-05,-1.7329
5.37e-05,-1.6705
5.372e-05,-1.6091
5.374e-05,-1.5482
5.376e-05,-1.4711
5.378e-05,-1.4087
5.38e-05,-1.3619
5.382e-05,-1.2838
5.384e-05,-1.2299
5.386e-05,-1.1674
5.388e-05,-1.1051
5.39e-05,-1.0426
5.392e-05,-0.98118
5.394e-05,-0.9187
5.396e-05,-0.85634
5.398e-05,-0.79386
5.4e-05,-0.73007
5.402e-05,-0.66772
5.404e-05,-0.60524
5.406e-05,-0.54384
5.408e-05,-0.48136
5.41e-05,-0.41901
5.412e-05,-0.35653
5.414e-05,-0.28697
5.416e-05,-0.22449
5.418e-05,-0.16214
5.42e-05,-0.099657
5.422e-05,-0.038264
5.424e-05,0.022639
5.426e-05,0.084032
5.428e-05,0.14651
5.43e-05,0.20887
5.432e-05,0.27135
5.434e-05,0.32528
5.436e-05,0.38776
5.438e-05,0.46574
5.44e-05,0.5126
5.442e-05,0.57399
5.444e-05,0.63647
5.446e-05,0.69883
5.448e-05,0.76131
5.45e-05,0.8251
5.452e-05,0.90308
5.454e-05,0.96556
5.456e-05,1.027
5.458e-05,1.0894
5.46e-05,1.1518
5.462e-05,1.2143
5.464e-05,1.2838
5.466e-05,1.3307
5.468e-05,1.4087
5.47e-05,1.4711
5.472e-05,1.5325
5.474e-05,1.5934
5.476e-05,1.6548
5.478e-05,1.7173
5.48e-05,1.7797
5.482e-05,1.8421
5.484e-05,1.8961
5.486e-05,1.9742
5.488e-05,2.0365
5.49e-05,2.099
5.492e-05,2.1604
5.494e-05,2.2073
5.496e-05,2.2852
5.498e-05,2.3477
5.5e-05,2.4115
5.502e-05,2.4739
5.504e-05,2.5364
5.506e-05,2.5977
5.508e-05,2.6602
5.51e-05,2.7226
5.512e-05,2.7851
5.514e-05,2.8546
5.516e-05,2.9171
5.518e-05,2.9795
5.52e-05,3.0419
5.522e-05,3.1033
5.524e-05,-3.119
5.526e-05,-3.0721
5.528e-05,-3.0263
5.53e-05,-2.9951
5.532e-05,-2.9638
5.534e-05,-2.9327
5.536e-05,-2.9171
5.538e-05,-2.9171
5.54e-05,-2.9171
5.542e-05,-2.9327
5.544e-05,-2.9482
5.546e-05,-2.9638
5.548e-05,-3.0107
5.55e-05,-3.0419
5.552e-05,-3.0877
5.554e-05,3.1346
5.556e-05,3.0721
5.558e-05,3.0107
5.56e-05,2.9327
5.562e-05,2.8702
5.564e-05,2.8007
5.566e-05,2.7382
5.568e-05,2.6759
5.57e-05,2.629
5.572e-05,2.5676
5.574e-05,2.5051
5.576e-05,2.4428
5.578e-05,2.3803
5.58e-05,2.3165
5.582e-05,2.2541
5.584e-05,2.1917
5.586e-05,2.1303
5.588e-05,2.0678
5.59e-05,2.0054
5.592e-05,1.9429
5.594e-05,1.889
5.596e-05,1.8265
5.598e-05,1.7486
5.6e-05,1.7017
5.602e-05,1.6247
5.604e-05,1.5638
5.606e-05,1.5013
5.608e-05,1.4243
5.61e-05,1.3774
5.612e-05,1.2994
5.614e-05,1.2455
5.616e-05,1.183
5.618e-05,1.1207
5.62e-05,1.0582
5.622e-05,0.99681
5.624e-05,0.94993
5.626e-05,0.90308
5.628e-05,0.85634
5.63e-05,0.8251
5.632e-05,0.79386
5.634e-05,0.76131
5.636e-05,0.7457
5.638e-05,0.7457
5.64e-05,0.7457
5.642e-05,0.76131
5.644e-05,0.77693
5.646e-05,0.79386
5.648e-05,0.84072
5.65e-05,0.87197
5.652e-05,0.9187
5.654e-05,0.96556
5.656e-05,1.027
5.658e-05,1.0894
5.66e-05,1.1518
5.662e-05,1.2143
5.664e-05,1.2838
5.666e-05,1.3463
5.668e-05,1.4087
5.67e-05,1.4711
5.672e-05,1.5325
5.674e-05,1.5934
5.676e-05,1.6705
5.678e-05,1.7329
5.68e-05,1.7797
5.682e-05,1.8578
5.684e-05,1.9117
5.686e-05,1.9742
5.688e-05,2.0365
5.69e-05,2.099
5.692e-05,2.1604
5.694e-05,2.2229
5.696e-05,2.2852
5.698e-05,2.3477
5.7e-05,2.4115
5.702e-05,2.4739
5.704e-05,2.5364
5.706e-05,2.5977
5.708e-05,2.6602
5.71e-05,2.7226
5.712e-05,2.7851
5.714e-05,2.8546
5.716e-05,2.9171
5.718e-05,2.9795
5.72e-05,3.0419
5.722e-05,3.1033
5.724e-05,-3.119
5.726e-05,-3.0721
5.728e-05,-3.0263
5.73e-05,-2.9951
5.732e-05,-2.9638
5.734e-05,-2.9327
5.736e-05,-2.9171
5.738e-05,-2.9171
5.74e-05,-2.9171
5.742e-05,-2.9327
5.744e-05,-2.9482
5.746e-05,-2.9638
5.748e-05,-3.0107
5.75e-05,-3.0419
5.752e-05,-3.0877
5.754e-05,3.1346
5.756e-05,3.0721
5.758e-05,3.0107
5.76e-05,2.9327
5.762e-05,2.8702
5.764e-05,2.8007
5.766e-05,2.7382
5.768e-05,2.6759
5.77e-05,2.629
5.772e-05,2.5676
5.774e-05,2.5207
5.776e-05,2.4739
5.778e-05,2.4271
5.78e-05,2.3803
5.782e-05,2.3647
5.784e-05,2.3321
5.786e-05,2.3165
5.788e-05,2.3165
5.79e-05,2.3165
5.792e-05,2.3321
5.794e-05,2.3477
5.796e-05,2.3647
5.798e-05,2.4115
5.8e-05,2.4428
5.802e-05,2.4895
5.804e-05,2.5364
5.806e-05,2.5977
5.808e-05,2.6602
5.81e-05,2.7226
5.812e-05,2.7851
5.814e-05,2.8546
5.816e-05,2.9171
5.818e-05,2.9795
5.82e-05,3.0419
5.822e-05,3.1033
5.824e-05,-3.119
5.826e-05,-3.0419
5.828e-05,-2.9795
5.83e-05,-2.9327
5.832e-05,-2.8546
5.834e-05,-2.8007
5.836e-05,-2.7382
5.838e-05,-2.6759
5.84e-05,-2.6134
5.842e-05,-2.552
5.844e-05,-2.4895
5.846e-05,-2.4271
5.848e-05,-2.3647
5.85e-05,-2.3009
5.852e-05,-2.2385
5.854e-05,-2.176
5.856e-05,-2.1146
5.858e-05,-2.0522
5.86e-05,-1.9898
5.862e-05,-1.9273
5.864e-05,-1.8578
5.866e-05,-1.7953
5.868e-05,-1.7329
5.87e-05,-1.6705
5.872e-05,-1.6091
5.874e-05,-1.5482
5.876e-05,-1.5013
5.878e-05,-1.4555
5.88e-05,-1.4243
5.882e-05,-1.3774
5.884e-05,-1.3619
5.886e-05,-1.3463
5.888e-05,-1.3307
5.89e-05,-1.3307
5.892e-05,-1.3463
5.894e-05,-1.3619
5.896e-05,-1.393
5.898e-05,-1.4243
5.9e-05,-1.4555
5.902e-05,-1.5169
5.904e-05,-1.5778
5.906e-05,-1.6403
5.908e-05,-1.7017
5.91e-05,-1.7642
5.912e-05,-1.8421
5.914e-05,-1.8961
5.916e-05,-1.9586
5.918e-05,-2.0365
5.92e-05,-2.0834
5.922e-05,-2.1448
5.924e-05,-2.1917
5.926e-05,-2.2385
5.928e-05,-2.2852
5.93e-05,-2.3321
5.932e-05,-2.3477
5.934e-05,-2.3803
5.936e-05,-2.3959
5.938e-05,-2.3959
5.94e-05,-2.3959
5.942e-05,-2.3803
5.944e-05,-2.3647
5.946e-05,-2.3477
5.948e-05,-2.3009
5.95e-05,-2.2696
5.952e-05,-2.2229
5.954e-05,-2.176
5.956e-05,-2.1146
5.958e-05,-2.0522
5.96e-05,-1.9898
5.962e-05,-1.9273
5.964e-05,-1.8578
5.966e-05,-1.7953
5.968e-05,-1.7329
5.97e-05,-1.6705
5.972e-05,-1.6091
5.974e-05,-1.5482
5.976e-05,-1.5013
5.978e-05,-1.4399
5.98e-05,-1.4087
5.982e-05,-1.3774
5.984e-05,-1.3463
5.986e-05,-1.3307
5.988e-05,-1.3307
5.99e-05,-1.3307
5.992e-05,-1.3463
5.994e-05,-1.3619
5.996e-05,-1.393
5.998e-05,-1.4399
6e-05,-1.4711
6.002e-05,-1.5169
6.004e-05,-1.5778
6.006e-05,-1.6403
6.008e-05,-1.7017
6.01e-05,-1.7797
6.012e-05,-1.8421
6.014e-05,-1.9117
6.016e-05,-1.9742
6.018e-05,-2.0365
6.02e-05,-2.0834
6.022e-05,-2.1448
6.024e-05,-2.2073
6.026e-05,-2.2696
6.028e-05,-2.3321
6.03e-05,-2.3959
6.032e-05,-2.4583
6.034e-05,-2.5207
6.036e-05,-2.5821
6.038e-05,-2.6446
6.04e-05,-2.707
6.042e-05,-2.7694
6.044e-05,-2.8234
6.046e-05,-2.8859
6.048e-05,-2.9638
6.05e-05,-3.0107
6.052e-05,-3.0877
6.054e-05,3.1346
6.056e-05,3.0721
6.058e-05,2.9951
6.06e-05,2.9482
6.062e-05,2.8702
6.064e-05,2.8163
6.066e-05,2.7538
6.068e-05,2.6915
6.07e-05,2.629
6.072e-05,2.5676
6.074e-05,2.5051
6.076e-05,2.4428
6.078e-05,2.3803
6.08e-05,2.3165
6.082e-05,2.2541
6.084e-05,2.1917
6.086e-05,2.1303
6.088e-05,2.0678
6.09e-05,2.0054
6.092e-05,1.9429
6.094e-05,1.889
6.096e-05,1.8265
6.098e-05,1.7486
6.1e-05,1.7017
6.102e-05,1.6247
6.104e-05,1.5638
6.106e-05,1.5013
6.108e-05,1.4243
6.11e-05,1.3774
6.112e-05,1.2994
6.114e-05,1.2455
6.116e-05,1.183
6.118e-05,1.1207
6.12e-05,1.0582
6.122e-05,0.99681
6.124e-05,0.94993
6.126e-05,0.90308
6.128e-05,0.85634
6.13e-05,0.8251
6.132e-05,0.79386
6.134e-05,0.76131
6.136e-05,0.7457
6.138e-05,0.7457
6.14e-05,0.7457
6.142e-05,0.76131
6.144e-05,0.77693
6.146e-05,0.79386
6.148e-05,0.84072
6.15e-05,0.87197
6.152e-05,0.9187
6.154e-05,0.96556
6.156e-05,1.027
6.158e-05,1.0894
6.16e-05,1.1518
6.162e-05,1.2143
6.164e-05,1.2838
6.166e-05,1.3463
6.168e-05,1.4087
6.17e-05,1.4711
6.172e-05,1.5325
6.174e-05,1.5934
6.176e-05,1.6403
6.178e-05,1.7017
6.18e-05,1.7329
6.182e-05,1.7642
6.184e-05,1.7953
6.186e-05,1.8109
6.188e-05,1.8109
6.19e-05,1.8109
6.192e-05,1.7953
6.194e-05,1.7797
6.196e-05,1.7486
6.198e-05,1.7017
6.2e-05,1.6705
6.202e-05,1.6247
6.204e-05,1.5638
6.206e-05,1.5013
6.208e-05,1.4399
6.21e-05,1.3619
6.212e-05,1.2994
6.214e-05,1.2299
6.216e-05,1.1674
6.218e-05,1.1051
6.22e-05,1.0582
6.222e-05,0.99681
6.224e-05,0.94993
6.226e-05,0.90308
6.228e-05,0.85634
6.23e-05,0.80949
6.232e-05,0.79386
6.234e-05,0.76131
6.236e-05,0.7457
6.238e-05,0.7457
6.24e-05,0.7457
6.242e-05,0.76131
6.244e-05,0.77693
6.246e-05,0.79386
6.248e-05,0.84072
6.25e-05,0.87197
6.252e-05,0.9187
6.254e-05,0.96556
6.256e-05,1.027
6.258e-05,1.0894
6.26e-05,1.1518
6.262e-05,1.2143
6.264e-05,1.2838
6.266e-05,1.3463
6.268e-05,1.4087
6.27e-05,1.4711
6.272e-05,1.5325
6.274e-05,1.5934
6.276e-05,1.6705
6.278e-05,1.7329
6.28e-05,1.7797
6.282e-05,1.8578
6.284e-05,1.9117
6.286e-05,1.9742
6.288e-05,2.0365
6.29e-05,2.099
6.292e-05,2.1604
6.294e-05,2.2229
6.296e-05,2.2852
6.298e-05,2.3477
6.3e-05,2.4115
6.302e-05,2.4739
6.304e-05,2.5364
6.306e-05,2.5977
6.308e-05,2.6602
6.31e-05,2.7226
6.312e-05,2.7851
6.314e-05,2.8546
6.316e-05,2.9171
6.318e-05,2.9795
6.32e-05,3.0419
6.322e-05,3.1033
6.324e-05,-3.119
6.326e-05,-3.0576
6.328e-05,-2.9951
6.33e-05,-2.9327
6.332e-05,-2.8702
6.334e-05,-2.8163
6.336e-05,-2.7538
6.338e-05,-2.6759
6.34e-05,-2.629
6.342e-05,-2.5676
6.344e-05,-2.5051
6.346e-05,-2.4428
6.348e-05,-2.3803
6.35e-05,-2.3165
6.352e-05,-2.2385
6.354e-05,-2.176
6.356e-05,-2.1146
6.358e-05,-2.0522
6.36e-05,-1.9898
6.362e-05,-1.9273
6.364e-05,-1.8578
6.366e-05,-1.8109
6.368e-05,-1.7329
6.37e-05,-1.6705
6.372e-05,-1.6091
6.374e-05,-1.5482
6.376e-05,-1.4868
6.378e-05,-1.4243
6.38e-05,-1.3619
6.382e-05,-1.2994
6.384e-05,-1.2455
6.386e-05,-1.1674
6.388e-05,-1.1051
6.39e-05,-1.0426
6.392e-05,-0.98118
6.394e-05,-0.93433
6.396e-05,-0.85634
6.398e-05,-0.79386
6.4e-05,-0.73007
6.402e-05,-0.66772
6.404e-05,-0.60524
6.406e-05,-0.54384
6.408e-05,-0.48136
6.41e-05,-0.41901
6.412e-05,-0.35653
6.414e-05,-0.28697
6.416e-05,-0.22449
6.418e-05,-0.16214
6.42e-05,-0.099657
6.422e-05,-0.038264
6.424e-05,0.022639
6.426e-05,0.069512
6.428e-05,0.11528
6.43e-05,0.14651
6.432e-05,0.17776
6.434e-05,0.20887
6.436e-05,0.22449
6.438e-05,0.22449
6.44e-05,0.22449
6.442e-05,0.20887
6.444e-05,0.19338
6.446e-05,0.17776
6.448e-05,0.1309
6.45e-05,0.099657
6.452e-05,0.053887
6.454e-05,-0.0070319
6.456e-05,-0.069512
6.458e-05,-0.1309
6.46e-05,-0.20887
6.462e-05,-0.27135
6.464e-05,-0.3409
6.466e-05,-0.40338
6.468e-05,-0.46574
6.47e-05,-0.5126
6.472e-05,-0.57399
6.474e-05,-0.63647
6.476e-05,-0.69883
6.478e-05,-0.76131
6.48e-05,-0.8251
6.482e-05,-0.88746
6.484e-05,-0.94993
6.486e-05,-1.0113
6.488e-05,-1.0738
6.49e-05,-1.1362
6.492e-05,-1.1986
6.494e-05,-1.2526
6.496e-05,-1.3151
6.498e-05,-1.393
6.5e-05,-1.4399
6.502e-05,-1.5169
6.504e-05,-1.5778
6.506e-05,-1.6403
6.508e-05,-1.7173
6.51e-05,-1.7642
6.512e-05,-1.8421
6.514e-05,-1.8961
6.516e-05,-1.9586
6.518e-05,-2.0209
6.52e-05,-2.0834
6.522e-05,-2.1448
6.524e-05,-2.2073
6.526e-05,-2.2696
6.528e-05,-2.3321
6.53e-05,-2.3959
6.532e-05,-2.4583
6.534e-05,-2.5207
6.536e-05,-2.5821
6.538e-05,-2.6446
6.54e-05,-2.707
6.542e-05,-2.7694
6.544e-05,-2.8234
6.546e-05,-2.8859
6.548e-05,-2.9638
6.55e-05,-3.0107
6.552e-05,-3.0877
6.554e-05,3.1346
6.556e-05,3.0721
6.558e-05,2.9951
6.56e-05,2.9482
6.562e-05,2.8702
6.564e-05,2.8163
6.566e-05,2.7538
6.568e-05,2.6915
6.57e-05,2.629
6.572e-05,2.5676
6.574e-05,2.5207
6.576e-05,2.4739
6.578e-05,2.4271
6.58e-05,2.3959
6.582e-05,2.3647
6.584e-05,2.3321
6.586e-05,2.3165
6.588e-05,2.3165
6.59e-05,2.3165
6.592e-05,2.3321
6.594e-05,2.3477
6.596e-05,2.3647
6.598e-05,2.4115
6.6e-05,2.4428
6.602e-05,2.4895
6.604e-05,2.5364
6.606e-05,2.5977
6.608e-05,2.6602
6.61e-05,2.7226
6.612e-05,2.7851
6.614e-05,2.8546
6.616e-05,2.9171
6.618e-05,2.9795
6.62e-05,3.0419
6.622e-05,3.1033
6.624e-05,-3.119
6.626e-05,-3.0721
6.628e-05,-3.0107
6.63e-05,-2.9795
6.632e-05,-2.9482
6.634e-05,-2.9171
6.636e-05,-2.9015
6.638e-05,-2.9015
6.64e-05,-2.9015
6.642e-05,-2.9171
6.644e-05,-2.9327
6.646e-05,-2.9638
6.648e-05,-3.0107
6.65e-05,-3.0419
6.652e-05,-3.0877
6.654e-05,3.1346
6.656e-05,3.0721
6.658e-05,3.0107
6.66e-05,2.9327
6.662e-05,2.8702
6.664e-05,2.8007
6.666e-05,2.7382
6.668e-05,2.6759
6.67e-05,2.629
6.672e-05,2.5676
6.674e-05,2.5207
6.676e-05,2.4739
6.678e-05,2.4271
6.68e-05,2.3803
6.682e-05,2.3647
6.684e-05,2.3321
6.686e-05,2.3165
6.688e-05,2.3165
6.69e-05,2.3165
6.692e-05,2.3321
6.694e-05,2.3477
6.696e-05,2.3647
6.698e-05,2.4115
6.7e-05,2.4428
6.702e-05,2.4895
6.704e-05,2.5364
6.706e-05,2.5977
6.708e-05,2.6602
6.71e-05,2.7226
6.712e-05,2.7851
6.714e-05,2.8546
6.716e-05,2.9171
6.718e-05,2.9795
6.72e-05,3.0419
6.722e-05,3.1033
6.724e-05,-3.119
6.726e-05,-3.0419
6.728e-05,-2.9795
6.73e-05,-2.9327
6.732e-05,-2.8546
6.734e-05,-2.8007
6.736e-05,-2.7382
6.738e-05,-2.6759
6.74e-05,-2.6134
6.742e-05,-2.552
6.744e-05,-2.4895
6.746e-05,-2.4271
6.748e-05,-2.3647
6.75e-05,-2.3009
6.752e-05,-2.2385
6.754e-05,-2.176
6.756e-05,-2.1146
6.758e-05,-2.0522
6.76e-05,-1.9898
6.762e-05,-1.9273
6.764e-05,-1.8578
6.766e-05,-1.7953
6.768e-05,-1.7329
6.77e-05,-1.6705
6.772e-05,-1.6091
6.774e-05,-1.5482
6.776e-05,-1.5013
6.778e-05,-1.4555
6.78e-05,-1.4243
6.782e-05,-1.3774
6.784e-05,-1.3619
6.786e-05,-1.3463
6.788e-05,-1.3307
6.79e-05,-1.3307
6.792e-05,-1.3463
6.794e-05,-1.3619
6.796e-05,-1.393
6.798e-05,-1.4243
6.8e-05,-1.4555
6.802e-05,-1.5169
6.804e-05,-1.5778
6.806e-05,-1.6403
6.808e-05,-1.7017
6.81e-05,-1.7642
6.812e-05,-1.8421
6.814e-05,-1.8961
6.816e-05,-1.9586
6.818e-05,-2.0365
6.82e-05,-2.0834
6.822e-05,-2.1448
6.824e-05,-2.1917
6.826e-05,-2.2385
6.828e-05,-2.2852
6.83e-05,-2.3321
6.832e-05,-2.3477
6.834e-05,-2.3803
6.836e-05,-2.3959
6.838e-05,-2.3959
6.84e-05,-2.3959
6.842e-05,-2.3803
6.844e-05,-2.3647
6.846e-05,-2.3477
6.848e-05,-2.3009
6.85e-05,-2.2696
6.852e-05,-2.2229
6.854e-05,-2.176
6.856e-05,-2.1146
6.858e-05,-2.0522
6.86e-05,-1.9898
6.862e-05,-1.9273
6.864e-05,-1.8578
6.866e-05,-1.7953
6.868e-05,-1.7329
6.87e-05,-1.6705
6.872e-05,-1.6091
6.874e-05,-1.5482
6.876e-05,-1.5013
6.878e-05,-1.4399
6.88e-05,-1.4087
6.882e-05,-1.3774
6.884e-05,-1.3463
6.886e-05,-1.3307
6.888e-05,-1.3307
6.89e-05,-1.3307
6.892e-05,-1.3463
6.894e-05,-1.3619
6.896e-05,-1.393
6.898e-05,-1.4399
6.9e-05,-1.4711
6.902e-05,-1.5169
6.904e-05,-1.5778
6.906e-05,-1.6403
6.908e-05,-1.7017
6.91e-05,-1.7797
6.912e-05,-1.8421
6.914e-05,-1.9117
6.916e-05,-1.9742
6.918e-05,-2.0365
6.92e-05,-2.0834
6.922e-05,-2.1448
6.924e-05,-2.2073
6.926e-05,-2.2696
6.928e-05,-2.3321
6.93e-05,-2.3959
6.932e-05,-2.4583
6.934e-05,-2.5207
6.936e-05,-2.5821
6.938e-05,-2.6446
6.94e-05,-2.707
6.942e-05,-2.7694
6.944e-05,-2.8234
6.946e-05,-2.8859
6.948e-05,-2.9638
6.95e-05,-3.0107
6.952e-05,-3.0877
6.954e-05,3.1346
6.956e-05,3.0721
6.958e-05,2.9951
6.96e-05,2.9482
6.962e-05,2.8702
6.964e-05,2.8163
6.966e-05,2.7538
6.968e-05,2.6915
6.97e-05,2.629
6.972e-05,2.5676
6.974e-05,2.5207
6.976e-05,2.4739
6.978e-05,2.4271
6.98e-05,2.3959
6.982e-05,2.3647
6.984e-05,2.3321
6.986e-05,2.3165
6.988e-05,2.3165
6.99e-05,2.3165
6.992e-05,2.3321
6.994e-05,2.3477
6.996e-05,2.3647
6.998e-05,2.4115
7e-05,2.4428
7.002e-05,2.4895
7.004e-05,2.5364
7.006e-05,2.5977
7.008e-05,2.6602
7.01e-05,2.7226
7.012e-05,2.7851
7.014e-05,2.8546
7.016e-05,2.9171
7.018e-05,2.9795
7.02e-05,3.0419
7.022e-05,3.1033
7.024e-05,-3.119
7.026e-05,-3.0419
7.028e-05,-2.9795
7.03e-05,-2.9327
7.032e-05,-2.8546
7.034e-05,-2.8007
7.036e-05,-2.7382
7.038e-05,-2.6759
7.04e-05,-2.6134
7.042e-05,-2.552
7.044e-05,-2.4895
7.046e-05,-2.4271
7.048e-05,-2.3647
7.05e-05,-2.3009
7.052e-05,-2.2385
7.054e-05,-2.176
7.056e-05,-2.1146
7.058e-05,-2.0522
7.06e-05,-1.9898
7.062e-05,-1.9273
7.064e-05,-1.8578
7.066e-05,-1.7953
7.068e-05,-1.7329
7.07e-05,-1.6705
7.072e-05,-1.6091
7.074e-05,-1.5482
7.076e-05,-1.5013
7.078e-05,-1.4555
7.08e-05,-1.4243
7.082e-05,-1.3774
7.084e-05,-1.3619
7.086e-05,-1.3463
7.088e-05,-1.3307
7.09e-05,-1.3307
7.092e-05,-1.3463
7.094e-05,-1.3619
7.096e-05,-1.393
7.098e-05,-1.4243
7.1e-05,-1.4555
7.102e-05,-1.5169
7.104e-05,-1.5778
7.106e-05,-1.6403
7.108e-05,-1.7017
7.11e-05,-1.7642
7.112e-05,-1.8421
7.114e-05,-1.8961
7.116e-05,-1.9586
7.118e-05,-2.0365
7.12e-05,-2.0834
7.122e-05,-2.1448
7.124e-05,-2.1917
7.126e-05,-2.2385
7.128e-05,-2.2852
7.13e-05,-2.3321
7.132e-05,-2.3477
7.134e-05,-2.3803
7.136e-05,-2.3959
7.138e-05,-2.3959
7.14e-05,-2.3959
7.142e-05,-2.3803
7.144e-05,-2.3647
7.146e-05,-2.3477
7.148e-05,-2.3009
7.15e-05,-2.2696
7.152e-05,-2.2229
7.154e-05,-2.176
7.156e-05,-2.1146
7.158e-05,-2.0522
7.16e-05,-1.9898
7.162e-05,-1.9273
7.164e-05,-1.8578
7.166e-05,-1.7953
7.168e-05,-1.7329
7.17e-05,-1.6705
7.172e-05,-1.6091
7.174e-05,-1.5482
7.176e-05,-1.4711
7.178e-05,-1.4087
7.18e-05,-1.3619
7.182e-05,-1.2838
7.184e-05,-1.2299
7.186e-05,-1.1674
7.188e-05,-1.1051
7.19e-05,-1.0426
7.192e-05,-0.98118
7.194e-05,-0.9187
7.196e-05,-0.85634
7.198e-05,-0.79386
7.2e-05,-0.73007
7.202e-05,-0.66772
7.204e-05,-0.60524
7.206e-05,-0.54384
7.208e-05,-0.48136
7.21e-05,-0.41901
7.212e-05,-0.35653
7.214e-05,-0.28697
7.216e-05,-0.22449
7.218e-05,-0.16214
7.22e-05,-0.099657
7.222e-05,-0.038264
7.224e-05,0.022639
7.226e-05,0.069512
7.228e-05,0.11528
7.23e-05,0.14651
7.232e-05,0.17776
7.234e-05,0.20887
7.236e-05,0.22449
7.238e-05,0.22449
7.24e-05,0.22449
7.242e-05,0.20887
7.244e-05,0.19338
7.246e-05,0.17776
7.248e-05,0.1309
7.25e-05,0.099657
7.252e-05,0.053887
7.254e-05,-0.0070319
7.256e-05,-0.069512
7.258e-05,-0.1309
7.26e-05,-0.20887
7.262e-05,-0.27135
7.264e-05,-0.3409
7.266e-05,-0.40338
7.268e-05,-0.46574
7.27e-05,-0.5126
7.272e-05,-0.57399
7.274e-05,-0.63647
7.276e-05,-0.69883
7.278e-05,-0.76131
7.28e-05,-0.8251
7.282e-05,-0.88746
7.284e-05,-0.94993
7.286e-05,-1.0113
7.288e-05,-1.0738
7.29e-05,-1.1362
7.292e-05,-1.1986
7.294e-05,-1.2526
7.296e-05,-1.3151
7.298e-05,-1.393
7.3e-05,-1.4399
7.302e-05,-1.5169
7.304e-05,-1.5778
7.306e-05,-1.6403
7.308e-05,-1.7173
7.31e-05,-1.7642
7.312e-05,-1.8421
7.314e-05,-1.8961
7.316e-05,-1.9586
7.318e-05,-2.0209
7.32e-05,-2.0834
7.322e-05,-2.1448
7.324e-05,-2.1917
7.326e-05,-2.2385
7.328e-05,-2.2852
7.33e-05,-2.3165
7.332e-05,-2.3477
7.334e-05,-2.3803
7.336e-05,-2.3959
7.338e-05,-2.3959
7.34e-05,-2.3959
7.342e-05,-2.3803
7.344e-05,-2.3647
7.346e-05,-2.3477
7.348e-05,-2.3009
7.35e-05,-2.2696
7.352e-05,-2.2229
7.354e-05,-2.176
7.356e-05,-2.1146
7.358e-05,-2.0522
7.36e-05,-1.9898
7.362e-05,-1.9273
7.364e-05,-1.8578
7.366e-05,-1.7953
7.368e-05,-1.7329
7.37e-05,-1.6705
7.372e-05,-1.6091
7.374e-05,-1.5482
7.376e-05,-1.4711
7.378e-05,-1.4087
7.38e-05,-1.3619
7.382e-05,-1.2838
7.384e-05,-1.2299
7.386e-05,-1.1674
7.388e-05,-1.1051
7.39e-05,-1.0426
7.392e-05,-0.98118
7.394e-05,-0.9187
7.396e-05,-0.85634
7.398e-05,-0.79386
7.4e-05,-0.73007
7.402e-05,-0.66772
7.404e-05,-0.60524
7.406e-05,-0.54384
7.408e-05,-0.48136
7.41e-05,-0.41901
7.412e-05,-0.35653
7.414e-05,-0.28697
7.416e-05,-0.22449
7.418e-05,-0.16214
7.42e-05,-0.099657
7.422e-05,-0.038264
7.424e-05,0.022639
7.426e-05,0.069512
7.428e-05,0.11528
7.43e-05,0.14651
7.432e-05,0.17776
7.434e-05,0.20887
7.436e-05,0.22449
7.438e-05,0.22449
7.44e-05,0.22449
7.442e-05,0.20887
7.444e-05,0.19338
7.446e-05,0.17776
7.448e-05,0.1309
7.45e-05,0.099657
7.452e-05,0.053887
7.454e-05,-0.0070319
7.456e-05,-0.069512
7.458e-05,-0.1309
7.46e-05,-0.20887
7.462e-05,-0.27135
7.464e-05,-0.3409
7.466e-05,-0.40338
7.468e-05,-0.46574
7.47e-05,-0.5126
7.472e-05,-0.57399
7.474e-05,-0.62086
7.476e-05,-0.66772
7.478e-05,-0.71445
7.48e-05,-0.76131
7.482e-05,-0.77693
7.484e-05,-0.80949
7.486e-05,-0.8251
7.488e-05,-0.8251
7.49e-05,-0.8251
7.492e-05,-0.80949
7.494e-05,-0.79386
7.496e-05,-0.77693
7.498e-05,-0.73007
7.5e-05,-0.69883
7.502e-05,-0.65209
7.504e-05,-0.60524
7.506e-05,-0.54384
7.508e-05,-0.48136
7.51e-05,-0.41901
7.512e-05,-0.35653
7.514e-05,-0.28697
7.516e-05,-0.22449
7.518e-05,-0.16214
7.52e-05,-0.099657
7.522e-05,-0.038264
7.524e-05,0.022639
7.526e-05,0.069512
7.528e-05,0.1309
7.53e-05,0.16214
7.532e-05,0.19338
7.534e-05,0.22449
7.536e-05,0.24012
7.538e-05,0.24012
7.54e-05,0.24012
7.542e-05,0.22449
7.544e-05,0.20887
7.546e-05,0.17776
7.548e-05,0.1309
7.55e-05,0.099657
7.552e-05,0.053887
7.554e-05,-0.0070319
7.556e-05,-0.069512
7.558e-05,-0.1309
7.56e-05,-0.20887
7.562e-05,-0.27135
7.564e-05,-0.3409
7.566e-05,-0.40338
7.568e-05,-0.46574
7.57e-05,-0.5126
7.572e-05,-0.57399
7.574e-05,-0.63647
7.576e-05,-0.69883
7.578e-05,-0.76131
7.58e-05,-0.8251
7.582e-05,-0.88746
7.584e-05,-0.94993
7.586e-05,-1.0113
7.588e-05,-1.0738
7.59e-05,-1.1362
7.592e-05,-1.1986
7.594e-05,-1.2526
7.596e-05,-1.3151
7.598e-05,-1.393
7.6e-05,-1.4399
7.602e-05,-1.5169
7.604e-05,-1.5778
7.606e-05,-1.6403
7.608e-05,-1.7173
7.61e-05,-1.7642
7.612e-05,-1.8421
7.614e-05,-1.8961
7.616e-05,-1.9586
7.618e-05,-2.0209
7.62e-05,-2.0834
7.622e-05,-2.1448
7.624e-05,-2.2073
7.626e-05,-2.2696
7.628e-05,-2.3321
7.63e-05,-2.3959
7.632e-05,-2.4583
7.634e-05,-2.5207
7.636e-05,-2.5821
7.638e-05,-2.6446
7.64e-05,-2.707
7.642e-05,-2.7694
7.644e-05,-2.8234
7.646e-05,-2.8859
7.648e-05,-2.9638
7.65e-05,-3.0107
7.652e-05,-3.0877
7.654e-05,3.1346
7.656e-05,3.0721
7.658e-05,2.9951
7.66e-05,2.9482
7.662e-05,2.8702
7.664e-05,2.8163
7.666e-05,2.7538
7.668e-05,2.6915
7.67e-05,2.629
7.672e-05,2.5676
7.674e-05,2.5051
7.676e-05,2.4428
7.678e-05,2.3803
7.68e-05,2.3165
7.682e-05,2.2541
7.684e-05,2.1917
7.686e-05,2.1303
7.688e-05,2.0678
7.69e-05,2.0054
7.692e-05,1.9429
7.694e-05,1.889
7.696e-05,1.8265
7.698e-05,1.7486
7.7e-05,1.7017
7.702e-05,1.6247
7.704e-05,1.5638
7.706e-05,1.5013
7.708e-05,1.4243
7.71e-05,1.3774
7.712e-05,1.2994
7.714e-05,1.2455
7.716e-05,1.183
7.718e-05,1.1207
7.72e-05,1.0582
7.722e-05,0.99681
7.724e-05,0.93433
7.726e-05,0.87197
7.728e-05,0.80949
7.73e-05,0.7457
7.732e-05,0.68334
7.734e-05,0.62086
7.736e-05,0.55947
7.738e-05,0.49699
7.74e-05,0.43463
7.742e-05,0.37215
7.744e-05,0.31822
7.746e-05,0.25574
7.748e-05,0.17776
7.75e-05,0.1309
7.752e-05,0.053887
7.754e-05,-0.0070319
7.756e-05,-0.069512
7.758e-05,-0.14651
7.76e-05,-0.19338
7.762e-05,-0.27135
7.764e-05,-0.32528
7.766e-05,-0.38776
7.768e-05,-0.45012
7.77e-05,-0.5126
7.772e-05,-0.57399
7.774e-05,-0.63647
7.776e-05,-0.69883
7.778e-05,-0.76131
7.78e-05,-0.8251
7.782e-05,-0.88746
7.784e-05,-0.94993
7.786e-05,-1.0113
7.788e-05,-1.0738
7.79e-05,-1.1362
7.792e-05,-1.1986
7.794e-05,-1.2526
7.796e-05,-1.3151
7.798e-05,-1.393
7.8e-05,-1.4399
7.802e-05,-1.5169
7.804e-05,-1.5778
7.806e-05,-1.6403
7.808e-05,-1.7173
7.81e-05,-1.7642
7.812e-05,-1.8421
7.814e-05,-1.8961
7.816e-05,-1.9586
7.818e-05,-2.0209
7.82e-05,-2.0834
7.822e-05,-2.1448
7.824e-05,-2.1917
7.826e-05,-2.2385
7.828e-05,-2.2852
7.83e-05,-2.3165
7.832e-05,-2.3477
7.834e-05,-2.3803
7.836e-05,-2.3959
7.838e-05,-2.3959
7.84e-05,-2.3959
7.842e-05,-2.3803
7.844e-05,-2.3647
7.846e-05,-2.3477
7.848e-05,-2.3009
7.85e-05,-2.2696
7.852e-05,-2.2229
7.854e-05,-2.176
7.856e-05,-2.1146
7.858e-05,-2.0522
7.86e-05,-1.9898
7.862e-05,-1.9273
7.864e-05,-1.8578
7.866e-05,-1.7953
7.868e-05,-1.7329
7.87e-05,-1.6705
7.872e-05,-1.6091
7.874e-05,-1.5482
7.876e-05,-1.5013
7.878e-05,-1.4399
7.88e-05,-1.4087
7.882e-05,-1.3774
7.884e-05,-1.3463
7.886e-05,-1.3307
7.888e-05,-1.3307
7.89e-05,-1.3307
7.892e-05,-1.3463
7.894e-05,-1.3619
7.896e-05,-1.393
7.898e-05,-1.4399
7.9e-05,-1.4711
7.902e-05,-1.5169
7.904e-05,-1.5778
7.906e-05,-1.6403
7.908e-05,-1.7017
7.91e-05,-1.7797
7.912e-05,-1.8421
7.914e-05,-1.9117
7.916e-05,-1.9742
7.918e-05,-2.0365
7.92e-05,-2.0834
7.922e-05,-2.1448
7.924e-05,-2.2073
7.926e-05,-2.2696
7.928e-05,-2.3321
7.93e-05,-2.3959
7.932e-05,-2.4583
7.934e-05,-2.5207
7.936e-05,-2.5821
7.938e-05,-2.6446
7.94e-05,-2.707
7.942e-05,-2.7694
7.944e-05,-2.8234
7.946e-05,-2.8859
7.948e-05,-2.9638
7.95e-05,-3.0107
7.952e-05,-3.0877
7.954e-05,3.1346
7.956e-05,3.0721
7.958e-05,2.9951
7.96e-05,2.9482
7.962e-05,2.8702
7.964e-05,2.8163
7.966e-05,2.7538
7.968e-05,2.6915
7.97e-05,2.629
7.972e-05,2.5676
7.974e-05,2.5207
7.976e-05,2.4739
7.978e-05,2.4271
7.98e-05,2.3959
7.982e-05,2.3647
7.984e-05,2.3321
7.986e-05,2.3165
7.988e-05,2.3165
7.99e-05,2.3165
7.992e-05,2.3321
7.994e-05,2.3477
7.996e-05,2.3647
7.998e-05,2.4115
8e-05,2.4428
8.002e-05,2.4895
8.004e-05,2.5364
8.006e-05,2.5977
8.008e-05,2.6602
8.01e-05,2.7226
8.012e-05,2.7851
8.014e-05,2.8546
8.016e-05,2.9171
8.018e-05,2.9795
8.02e-05,3.0419
8.022e-05,3.1033
8.024e-05,-3.119
8.026e-05,-3.0419
8.028e-05,-2.9795
8.03e-05,-2.9327
8.032e-05,-2.8546
8.034e-05,-2.8007
8.036e-05,-2.7382
8.038e-05,-2.6759
8.04e-05,-2.6134
8.042e-05,-2.552
8.044e-05,-2.4895
8.046e-05,-2.4271
8.048e-05,-2.3647
8.05e-05,-2.3009
8.052e-05,-2.2385
8.054e-05,-2.176
8.056e-05,-2.1146
8.058e-05,-2.0522
8.06e-05,-1.9898
8.062e-05,-1.9273
8.064e-05,-1.8578
8.066e-05,-1.7953
8.068e-05,-1.7329
8.07e-05,-1.6705
8.072e-05,-1.6091
8.074e-05,-1.5482
8.076e-05,-1.5013
8.078e-05,-1.4555
8.08e-05,-1.4243
8.082e-05,-1.3774
8.084e-05,-1.3619
8.086e-05,-1.3463
8.088e-05,-1.3307
8.09e-05,-1.3307
8.092e-05,-1.3463
8.094e-05,-1.3619
8.096e-05,-1.393
8.098e-05,-1.4243
8.1e-05,-1.4555
8.102e-05,-1.5169
8.104e-05,-1.5778
8.106e-05,-1.6403
8.108e-05,-1.7017
8.11e-05,-1.7642
8.112e-05,-1.8421
8.114e-05,-1.8961
8.116e-05,-1.9586
8.118e-05,-2.0365
8.12e-05,-2.0834
8.122e-05,-2.1448
8.124e-05,-2.2073
8.126e-05,-2.2696
8.128e-05,-2.3321
8.13e-05,-2.3959
8.132e-05,-2.4583
8.134e-05,-2.5207
8.136e-05,-2.5821
8.138e-05,-2.6446
8.14e-05,-2.707
8.142e-05,-2.7694
8.144e-05,-2.8234
8.146e-05,-2.8859
8.148e-05,-2.9638
8.15e-05,-3.0107
8.152e-05,-3.0877
8.154e-05,3.1346
8.156e-05,3.0721
8.158e-05,2.9951
8.16e-05,2.9482
8.162e-05,2.8702
8.164e-05,2.8163
8.166e-05,2.7538
8.168e-05,2.6915
8.17e-05,2.629
8.172e-05,2.5676
8.174e-05,2.5051
8.176e-05,2.4428
8.178e-05,2.3803
8.18e-05,2.3165
8.182e-05,2.2541
8.184e-05,2.1917
8.186e-05,2.1303
8.188e-05,2.0678
8.19e-05,2.0054
8.192e-05,1.9429
8.194e-05,1.889
8.196e-05,1.8265
8.198e-05,1.7486
8.2e-05,1.7017
8.202e-05,1.6247
8.204e-05,1.5638
8.206e-05,1.5013
8.208e-05,1.4243
8.21e-05,1.3774
8.212e-05,1.2994
8.214e-05,1.2455
8.216e-05,1.183
8.218e-05,1.1207
8.22e-05,1.0582
8.222e-05,0.99681
8.224e-05,0.94993
8.226e-05,0.90308
8.228e-05,0.85634
8.23e-05,0.8251
8.232e-05,0.79386
8.234e-05,0.76131
8.236e-05,0.7457
8.238e-05,0.7457
8.24e-05,0.7457
8.242e-05,0.76131
8.244e-05,0.77693
8.246e-05,0.79386
8.248e-05,0.84072
8.25e-05,0.87197
8.252e-05,0.9187
8.254e-05,0.96556
8.256e-05,1.027
8.258e-05,1.0894
8.26e-05,1.1518
8.262e-05,1.2143
8.264e-05,1.2838
8.266e-05,1.3463
8.268e-05,1.4087
8.27e-05,1.4711
8.272e-05,1.5325
8.274e-05,1.5934
8.276e-05,1.6403
8.278e-05,1.7017
8.28e-05,1.7329
8.282e-05,1.7642
8.284e-05,1.7953
8.286e-05,1.8109
8.288e-05,1.8109
8.29e-05,1.8109
8.292e-05,1.7953
8.294e-05,1.7797
8.296e-05,1.7486
8.298e-05,1.7017
8.3e-05,1.6705
8.302e-05,1.6247
8.304e-05,1.5638
8.306e-05,1.5013
8.308e-05,1.4399
8.31e-05,1.3619
8.312e-05,1.2994
8.314e-05,1.2299
8.316e-05,1.1674
8.318e-05,1.1051
8.32e-05,1.0582
8.322e-05,0.99681
8.324e-05,0.93433
8.326e-05,0.87197
8.328e-05,0.80949
8.33e-05,0.7457
8.332e-05,0.68334
8.334e-05,0.62086
8.336e-05,0.55947
8.338e-05,0.49699
8.34e-05,0.43463
8.342e-05,0.37215
8.344e-05,0.31822
8.346e-05,0.25574
8.348e-05,0.17776
8.35e-05,0.1309
8.352e-05,0.053887
8.354e-05,-0.0070319
8.356e-05,-0.069512
8.358e-05,-0.14651
8.36e-05,-0.19338
8.362e-05,-0.27135
8.364e-05,-0.32528
8.366e-05,-0.38776
8.368e-05,-0.45012
8.37e-05,-0.5126
8.372e-05,-0.57399
8.374e-05,-0.62086
8.376e-05,-0.66772
8.378e-05,-0.71445
8.38e-05,-0.7457
8.382e-05,-0.77693
8.384e-05,-0.80949
8.386e-05,-0.8251
8.388e-05,-0.8251
8.39e-05,-0.8251
8.392e-05,-0.80949
8.394e-05,-0.79386
8.396e-05,-0.77693
8.398e-05,-0.73007
8.4e-05,-0.69883
8.402e-05,-0.65209
8.404e-05,-0.60524
8.406e-05,-0.54384
8.408e-05,-0.48136
8.41e-05,-0.41901
8.412e-05,-0.35653
8.414e-05,-0.28697
8.416e-05,-0.22449
8.418e-05,-0.16214
8.42e-05,-0.099657
8.422e-05,-0.038264
8.424e-05,0.022639
8.426e-05,0.099657
8.428e-05,0.16214
8.43e-05,0.20887
8.432e-05,0.28697
8.434e-05,0.3409
8.436e-05,0.40338
8.438e-05,0.46574
8.44e-05,0.52822
8.442e-05,0.58961
8.444e-05,0.65209
8.446e-05,0.71445
8.448e-05,0.77693
8.45e-05,0.84072
8.452e-05,0.90308
8.454e-05,0.96556
8.456e-05,1.027
8.458e-05,1.0894
8.46e-05,1.1518
8.462e-05,1.2143
8.464e-05,1.2838
8.466e-05,1.3463
8.468e-05,1.4087
8.47e-05,1.4711
8.472e-05,1.5325
8.474e-05,1.5934
8.476e-05,1.6548
8.478e-05,1.7173
8.48e-05,1.7797
8.482e-05,1.8421
8.484e-05,1.8961
8.486e-05,1.9742
8.488e-05,2.0365
8.49e-05,2.099
8.492e-05,2.1604
8.494e-05,2.2073
8.496e-05,2.2852
8.498e-05,2.3477
8.5e-05,2.4115
8.502e-05,2.4739
8.504e-05,2.5364
8.506e-05,2.5977
8.508e-05,2.6602
8.51e-05,2.7226
8.512e-05,2.7851
8.514e-05,2.8546
8.516e-05,2.9171
8.518e-05,2.9795
8.52e-05,3.0419
8.522e-05,3.1033
8.524e-05,-3.119
8.526e-05,-3.0721
8.528e-05,-3.0263
8.53e-05,-2.9951
8.532e-05,-2.9638
8.534e-05,-2.9327
8.536e-05,-2.9171
8.538e-05,-2.9171
8.54e-05,-2.9171
8.542e-05,-2.9327
8.544e-05,-2.9482
8.546e-05,-2.9638
8.548e-05,-3.0107
8.55e-05,-3.0419
8.552e-05,-3.0877
8.554e-05,3.1346
8.556e-05,3.0721
8.558e-05,3.0107
8.56e-05,2.9327
8.562e-05,2.8702
8.564e-05,2.8007
8.566e-05,2.7382
8.568e-05,2.6759
8.57e-05,2.629
8.572e-05,2.5676
8.574e-05,2.5051
8.576e-05,2.4428
8.578e-05,2.3803
8.58e-05,2.3165
8.582e-05,2.2541
8.584e-05,2.1917
8.586e-05,2.1303
8.588e-05,2.0678
8.59e-05,2.0054
8.592e-05,1.9429
8.594e-05,1.889
8.596e-05,1.8265
8.598e-05,1.7486
8.6e-05,1.7017
8.602e-05,1.6247
8.604e-05,1.5638
8.606e-05,1.5013
8.608e-05,1.4243
8.61e-05,1.3774
8.612e-05,1.2994
8.614e-05,1.2455
8.616e-05,1.183
8.618e-05,1.1207
8.62e-05,1.0582
8.622e-05,0.99681
8.624e-05,0.93433
8.626e-05,0.87197
8.628e-05,0.80949
8.63e-05,0.7457
8.632e-05,0.68334
8.634e-05,0.62086
8.636e-05,0.55947
8.638e-05,0.49699
8.64e-05,0.43463
8.642e-05,0.37215
8.644e-05,0.31822
8.646e-05,0.25574
8.648e-05,0.17776
8.65e-05,0.1309
8.652e-05,0.053887
8.654e-05,-0.0070319
8.656e-05,-0.069512
8.658e-05,-0.14651
8.66e-05,-0.19338
8.662e-05,-0.27135
8.664e-05,-0.32528
8.666e-05,-0.38776
8.668e-05,-0.45012
8.67e-05,-0.5126
8.672e-05,-0.57399
8.674e-05,-0.63647
8.676e-05,-0.69883
8.678e-05,-0.76131
8.68e-05,-0.8251
8.682e-05,-0.88746
8.684e-05,-0.94993
8.686e-05,-1.0113
8.688e-05,-1.0738
8.69e-05,-1.1362
8.692e-05,-1.1986
8.694e-05,-1.2526
8.696e-05,-1.3151
8.698e-05,-1.393
8.7e-05,-1.4399
8.702e-05,-1.5169
8.704e-05,-1.5778
8.706e-05,-1.6403
8.708e-05,-1.7173
8.71e-05,-1.7642
8.712e-05,-1.8421
8.714e-05,-1.8961
8.716e-05,-1.9586
8.718e-05,-2.0209
8.72e-05,-2.0834
8.722e-05,-2.1448
8.724e-05,-2.2073
8.726e-05,-2.2696
8.728e-05,-2.3321
8.73e-05,-2.3959
8.732e-05,-2.4583
8.734e-05,-2.5207
8.736e-05,-2.5821
8.738e-05,-2.6446
8.74e-05,-2.707
8.742e-05,-2.7694
8.744e-05,-2.8234
8.746e-05,-2.8859
8.748e-05,-2.9638
8.75e-05,-3.0107
8.752e-05,-3.0877
8.754e-05,3.1346
8.756e-05,3.0721
8.758e-05,2.9951
8.76e-05,2.9482
8.762e-05,2.8702
8.764e-05,2.8163
8.766e-05,2.7538
8.768e-05,2.6915
8.77e-05,2.629
8.772e-05,2.5676
8.774e-05,2.5207
8.776e-05,2.4739
8.778e-05,2.4271
8.78e-05,2.3959
8.782e-05,2.3647
8.784e-05,2.3321
8.786e-05,2.3165
8.788e-05,2.3165
8.79e-05,2.3165
8.792e-05,2.3321
8.794e-05,2.3477
8.796e-05,2.3647
8.798e-05,2.4115
8.8e-05,2.4428
8.802e-05,2.4895
8.804e-05,2.5364
8.806e-05,2.5977
8.808e-05,2.6602
8.81e-05,2.7226
8.812e-05,2.7851
8.814e-05,2.8546
8.816e-05,2.9171
8.818e-05,2.9795
8.82e-05,3.0419
8.822e-05,3.1033
8.824e-05,-3.119
8.826e-05,-3.0419
8.828e-05,-2.9795
8.83e-05,-2.9327
8.832e-05,-2.8546
8.834e-05,-2.8007
8.836e-05,-2.7382
8.838e-05,-2.6759
8.84e-05,-2.6134
8.842e-05,-2.552
8.844e-05,-2.4895
8.846e-05,-2.4271
8.848e-05,-2.3647
8.85e-05,-2.3009
8.852e-05,-2.2385
8.854e-05,-2.176
8.856e-05,-2.1146
8.858e-05,-2.0522
8.86e-05,-1.9898
8.862e-05,-1.9273
8.864e-05,-1.8578
8.866e-05,-1.7953
8.868e-05,-1.7329
8.87e-05,-1.6705
8.872e-05,-1.6091
8.874e-05,-1.5482
8.876e-05,-1.4868
8.878e-05,-1.4243
8.88e-05,-1.3619
8.882e-05,-1.2994
8.884e-05,-1.2455
8.886e-05,-1.1674
8.888e-05,-1.1051
8.89e-05,-1.0426
8.892e-05,-0.98118
8.894e-05,-0.93433
8.896e-05,-0.85634
8.898e-05,-0.79386
8.9e-05,-0.73007
8.902e-05,-0.66772
8.904e-05,-0.60524
8.906e-05,-0.54384
8.908e-05,-0.48136
8.91e-05,-0.41901
8.912e-05,-0.35653
8.914e-05,-0.28697
