0
0
19
-96
-96
-96
-96
-96
-96
-80
-74
-81
-96
-96
-96
-96
-96
-96
-96
-80
-74
-81
-96
-96
-96
-96
-96
-96
-96
-80
-62
-43
-24
-8
10
16
9
-8
-28
-46
-62
-81
-96
-96
-96
-96
-96
-96
-96
-80
-74
-81
-96
-96
-96
-96
-96
-96
-96
-80
-62
-43
-26
-8
10
29
46
64
82
96
96
96
96
96
-96
-96
-96
96
96
96
96
96
80
61
46
42
47
62
82
96
96
96
96
96
-96
-96
-96
96
96
96
96
96
96
96
-96
-96
-96
96
96
96
96
96
80
61
46
42
47
62
82
96
96
96
82
62
44
28
9
-10
-28
-46
-62
-81
-96
-96
-96
-96
-96
96
96
96
96
96
96
96
-96
-96
-96
96
96
96
96
96
80
62
44
28
9
-10
-29
-44
-48
-43
-28
-8
10
16
9
-8
-28
-44
-48
-43
-28
-8
10
16
9
-8
-28
-46
-62
-81
-96
-96
-96
-96
-96
-96
-96
-80
-62
-43
-24
-8
10
16
9
-8
-28
-44
-48
-43
-28
-8
10
28
46
64
82
96
96
96
82
62
46
42
47
62
82
96
96
96
82
62
46
42
47
62
82
96
96
96
96
96
-96
-96
-96
-96
-95
-80
-74
-81
-96
-96
-96
-96
-96
96
96
96
96
96
80
62
44
28
9
-10
-29
-44
-48
-43
-28
-8
10
16
9
-8
-28
-44
-48
-43
-28
-8
10
16
9
-8
-28
-44
-48
-43
-28
-8
10
16
9
-8
-28
-44
-48
-43
-28
-8
10
28
46
64
82
96
96
96
96
96
-96
-96
-96
96
96
96
96
96
96
96
-96
-96
-96
-96
-96
-80
-61
-44
-26
-8
10
29
46
64
82
96
96
96
96
96
-96
-96
-96
96
96
96
96
96
80
62
44
28
9
-10
-29
-44
-48
-43
-28
-8
10
28
46
64
82
96
96
96
82
62
46
42
47
62
82
96
96
96
96
96
-96
-96
-96
96
96
96
96
96
96
96
-96
-96
-96
-96
-95
-80
-74
-81
-96
-96
-96
-96
-96
-96
-96
-80
-62
-43
-26
-8
10
29
46
64
82
96
96
96
96
96
-96
-96
-96
-96
-96
-80
-61
-44
-24
-8
10
16
9
-8
-28
-44
-48
-43
-28
-8
10
16
9
-8
-28
-46
-62
-81
-96
-96
-96
-96
-96
-96
-96
-80
-62
-43
-24
-8
10
16
9
-8
-28
-46
-62
-81
-96
-96
-96
-96
-96
-96
-96
-80
-74
-81
-96
-96
-96
-96
-96
96
96
96
96
96
96
96
-96
-96
-96
96
96
96
96
96
80
62
44
28
9
-10
-29
-44
-48
-43
-28
-8
10
28
46
64
82
96
96
96
82
62
46
42
47
62
82
96
96
96
82
62
44
28
9
-10
-28
-46
-62
-81
-96
-96
-96
-96
-96
-96
-96
-80
-62
-43
-26
-8
10
29
46
64
82
96
96
96
96
96
-96
-96
-96
96
96
96
96
96
80
61
46
42
47
62
82
96
96
96
96
96
-96
-96
-96
96
96
96
96
96
96
96
-96
-96
-96
-96
-95
-80
-74
-81
-96
-96
-96
-96
-96
-96
-96
-80
-74
-81
-96
-96
-96
-96
-96
96
96
96
96
96
80
61
46
42
47
62
82
96
96
96
82
62
46
42
47
62
82
96
96
96
96
96
-96
-96
-96
-96
-96
-80
-61
-44
-24
-8
10
16
9
-8
-28
-46
-62
-81
-96
-96
-96
-96
-96
96
96
96
96
96
96
96
-96
-96
-96
96
96
96
96
96
96
96
-96
-96
-96
-96
-95
-80
-74
-81
-96
-96
-96
-96
-96
-96
-96
-80
-74
-81
-96
-96
-96
-96
-96
96
96
96
96
96
96
96
-96
-96
-96
-96
-95
-80
-74
-81
-96
-96
-96
-96
-96
-96
-96
-80
-62
-43
-24
-8
10
16
9
-8
-28
-46
-62
-81
-96
-96
-96
-96
-96
-96
-96
-80
-62
-43
-24
-8
10
16
9
-8
-28
-44
-48
-43
-28
-8
10
16
9
-8
-28
-46
-62
-81
-96
-96
-96
-96
-96
96
96
96
96
96
80
62
44
28
9
-10
-28
-46
-62
-81
-96
-96
-96
-96
-96
-96
-96
-80
-74
-81
-96
-96
-96
-96
-96
96
96
96
96
96
96
96
-96
-96
-96
-96
-95
-80
-74
-81
-96
-96
-96
-96
-96
96
96
96
96
96
80
61
46
42
47
62
82
96
96
96
82
62
44
28
9
-10
-29
-44
-48
-43
-28
-8
10
28
46
64
82
96
96
96
96
96
-96
-96
-96
96
96
96
96
96
80
62
44
28
9
-10
-28
-46
-62
-81
-96
-96
-96
-96
-96
96
96
96
96
96
96
96
-96
-96
-96
-96
-96
-80
-61
-44
-24
-8
10
16
9
-8
-28
-44
-48
-43
-28
-8
10
16
9
-8
-28
-46
-62
-81
-96
-96
-96
-96
-96
-96
-96
-80
-62
-43
-24
-8
10
16
9
-8
-28
-46
-62
-81
-96
-96
-96
-96
-96
-96
-96
-80
-74
-81
-96
-96
-96
-96
-96
-96
-96
-80
-62
-43
-24
-8
10
16
9
-8
-28
-46
-62
-81
-96
-96
-96
-96
-96
96
96
96
96
96
80
61
46
42
47
62
82
96
96
96
82
62
46
42
47
62
82
96
96
96
82
62
44
28
9
-10
-29
-44
-48
-43
-28
-8
10
16
9
-8
-28
-46
-62
-81
-96
-96
-96
-96
-96
96
96
96
96
96
80
62
44
28
9
-10
-29
-44
-48
-43
-28
-8
10
16
9
-8
-28
-46
-62
-81
-96
-96
-96
-96
-96
96
96
96
96
96
96
96
-96
-96
-96
-96
-95
-80
-74
-81
-96
-96
-96
-96
-96
96
96
96
96
96
96
96
-96
-96
-96
96
96
96
96
96
96
96
-96
-96
-96
-96
-96
-80
-61
-44
-26
-8
10
29
46
66
82
96
96
96
82
62
44
28
9
-10
-29
-44
-48
-43
-28
-8
10
16
9
-8
-28
-44
-48
-43
-28
-8
10
28
46
64
82
96
96
96
96
96
-96
-96
-96
96
96
96
96
96
80
62
44
28
9
-10
-28
-46
-62
-81
-96
-96
-96
-96
-96
96
96
96
96
96
96
96
-96
-96
-96
96
96
96
96
96
96
96
-96
-96
-96
96
96
96
96
96
80
62
44
28
9
-10
-28
-46
-62
-81
-96
-96
-96
-96
-96
-96
-96
-80
-74
-81
-96
-96
-96
-96
-96
96
96
96
96
96
80
61
46
42
47
62
82
96
96
96
96
96
-96
-96
-96
-96
-96
-80
-61
-44
-24
-8
10
16
9
-8
-28
-46
-62
-81
-96
-96
-96
-96
-96
-96
-96
-80
-62
-43
-24
-8
10
16
9
-8
-28
-46
-62
-81
-96
-96
-96
-96
-96
96
96
96
96
96
96
96
-96
-96
-96
-96
-96
-80
-61
-44
-26
-8
10
29
46
66
82
96
96
96
82
62
46
42
47
62
82
96
96
96
96
96
-96
-96
-96
96
96
96
96
96
96
96
-96
-96
-96
-96
-96
-80
-61
-44
-24
-8
10
16
9
-8
-28
-44
-48
-43
-28
-8
10
28
46
64
82
96
96
96
82
62
46
42
47
62
82
96
96
96
82
62
46
42
47
62
82
96
96
96
96
96
-96
-96
-96
96
96
96
96
96
80
61
46
42
47
62
82
96
96
96
96
96
-96
-96
-96
96
96
96
96
96
80
61
46
42
47
62
82
96
96
96
96
96
-96
-96
-96
-96
-96
-80
-61
-44
-26
-8
10
29
46
66
82
96
96
96
82
62
44
28
9
-10
-29
-44
-48
-43
-28
-8
10
28
46
64
82
96
96
96
96
96
-96
-96
-96
-96
-95
-80
-74
-81
-96
-96
-96
-96
-96
96
96
96
96
96
96
96
-96
-96
-96
96
96
96
96
96
80
61
46
42
47
62
82
96
96
96
96
96
-96
-96
-96
-96
-96
-80
-61
-44
-26
-8
10
29
46
66
82
96
96
96
82
62
44
28
9
-10
-29
-44
-48
-43
-28
-8
10
16
9
-8
-28
-44
-48
-43
-28
-8
10
16
9
-8
-28
-44
-48
-43
-28
-8
10
28
46
64
82
96
96
96
96
96
-96
-96
-96
-96
-96
-80
-61
-44
-24
-8
