0,0
1e-07,0.0010414
2e-07,0.012626
3e-07,-0.014068
4e-07,-0.079717
5e-07,-0.2044
6e-07,-0.35959
7e-07,-0.49253
8e-07,-0.56066
9e-07,-0.59158
1e-06,-0.58364
1.1e-06,-0.5747
1.2e-06,-0.55345
1.3e-06,-0.48391
1.4e-06,-0.4038
1.5e-06,-0.36844
1.6e-06,-0.40701
1.7e-06,-0.48812
1.8e-06,-0.55842
1.9e-06,-0.58097
2e-06,-0.58221
2.1e-06,-0.57574
2.2e-06,-0.55345
2.3e-06,-0.48391
2.4e-06,-0.4038
2.5e-06,-0.36844
2.6e-06,-0.40701
2.7e-06,-0.49177
2.8e-06,-0.562
2.9e-06,-0.56235
3e-06,-0.5009
3.1e-06,-0.38994
3.2e-06,-0.24022
3.3e-06,-0.056681
3.4e-06,0.099294
3.5e-06,0.15883
3.6e-06,0.091417
3.7e-06,-0.072006
3.8e-06,-0.26079
3.9e-06,-0.40878
4e-06,-0.50999
4.1e-06,-0.56222
4.2e-06,-0.55968
4.3e-06,-0.49177
4.4e-06,-0.40777
4.5e-06,-0.3689
4.6e-06,-0.40649
4.7e-06,-0.48812
4.8e-06,-0.55842
4.9e-06,-0.58097
5e-06,-0.58221
5.1e-06,-0.57574
5.2e-06,-0.55345
5.3e-06,-0.48391
5.4e-06,-0.4038
5.5e-06,-0.36844
5.6e-06,-0.40701
5.7e-06,-0.49177
5.8e-06,-0.562
5.9e-06,-0.56235
6e-06,-0.5009
6.1e-06,-0.38994
6.2e-06,-0.2423
6.3e-06,-0.070478
6.4e-06,0.10699
6.5e-06,0.27386
6.6e-06,0.4136
6.7e-06,0.51368
6.8e-06,0.56371
6.9e-06,0.55981
7e-06,0.4994
7.1e-06,0.39046
7.2e-06,0.24022
7.3e-06,0.056681
7.4e-06,-0.099294
7.5e-06,-0.15883
7.6e-06,-0.091417
7.7e-06,0.072006
7.8e-06,0.26079
7.9e-06,0.40878
8e-06,0.50999
8.1e-06,0.56222
8.2e-06,0.55968
8.3e-06,0.49177
8.4e-06,0.40777
8.5e-06,0.3689
8.6e-06,0.40649
8.7e-06,0.49177
8.8e-06,0.562
8.9e-06,0.56235
9e-06,0.5009
9.1e-06,0.38994
9.2e-06,0.24022
9.3e-06,0.056681
9.4e-06,-0.099294
9.5e-06,-0.15883
9.6e-06,-0.091417
9.7e-06,0.075651
9.8e-06,0.26437
9.9e-06,0.38964
1e-05,0.42966
1.01e-05,0.37889
1.02e-05,0.24968
1.03e-05,0.067012
1.04e-05,-0.094347
1.05e-05,-0.15889
1.06e-05,-0.091938
1.07e-05,0.072006
1.08e-05,0.26079
1.09e-05,0.40878
1.1e-05,0.50999
1.11e-05,0.56222
1.12e-05,0.55968
1.13e-05,0.49177
1.14e-05,0.40777
1.15e-05,0.3689
1.16e-05,0.40649
1.17e-05,0.48812
1.18e-05,0.55842
1.19e-05,0.58097
1.2e-05,0.58221
1.21e-05,0.57574
1.22e-05,0.55501
1.23e-05,0.49921
1.24e-05,0.3976
1.25e-05,0.25469
1.26e-05,0.083088
1.27e-05,-0.097892
1.28e-05,-0.26724
1.29e-05,-0.40819
1.3e-05,-0.50947
1.31e-05,-0.56222
1.32e-05,-0.56176
1.33e-05,-0.50609
1.34e-05,-0.3991
1.35e-05,-0.25191
1.36e-05,-0.080094
1.37e-05,0.10251
1.38e-05,0.2703
1.39e-05,0.38905
1.4e-05,0.42914
1.41e-05,0.37889
1.42e-05,0.24968
1.43e-05,0.067012
1.44e-05,-0.094347
1.45e-05,-0.15889
1.46e-05,-0.091938
1.47e-05,0.072006
1.48e-05,0.26079
1.49e-05,0.40878
1.5e-05,0.50999
1.51e-05,0.56222
1.52e-05,0.56176
1.53e-05,0.50609
1.54e-05,0.3991
1.55e-05,0.25191
1.56e-05,0.080094
1.57e-05,-0.10251
1.58e-05,-0.2703
1.59e-05,-0.38905
1.6e-05,-0.42914
1.61e-05,-0.37889
1.62e-05,-0.24968
1.63e-05,-0.067012
1.64e-05,0.094347
1.65e-05,0.15889
1.66e-05,0.091938
1.67e-05,-0.075651
1.68e-05,-0.26437
1.69e-05,-0.38964
1.7e-05,-0.42966
1.71e-05,-0.37889
1.72e-05,-0.24968
1.73e-05,-0.067012
1.74e-05,0.094347
1.75e-05,0.15889
1.76e-05,0.091938
1.77e-05,-0.072006
1.78e-05,-0.26079
1.79e-05,-0.40878
1.8e-05,-0.50999
1.81e-05,-0.56222
1.82e-05,-0.55968
1.83e-05,-0.49177
1.84e-05,-0.40777
1.85e-05,-0.3689
1.86e-05,-0.40649
1.87e-05,-0.49177
1.88e-05,-0.562
1.89e-05,-0.56235
1.9e-05,-0.5009
1.91e-05,-0.38994
1.92e-05,-0.24022
1.93e-05,-0.056681
1.94e-05,0.099294
1.95e-05,0.15883
1.96e-05,0.091417
1.97e-05,-0.075651
1.98e-05,-0.26437
1.99e-05,-0.38964
2e-05,-0.42966
2.01e-05,-0.37889
2.02e-05,-0.25176
2.03e-05,-0.080809
2.04e-05,0.10204
2.05e-05,0.27392
2.06e-05,0.41412
2.07e-05,0.50952
2.08e-05,0.56111
2.09e-05,0.58091
2.1e-05,0.58395
2.11e-05,0.57874
2.12e-05,0.55443
2.13e-05,0.48339
2.14e-05,0.4038
2.15e-05,0.36844
2.16e-05,0.40701
2.17e-05,0.48812
2.18e-05,0.55842
2.19e-05,0.58097
2.2e-05,0.58221
2.21e-05,0.57574
2.22e-05,0.55345
2.23e-05,0.48391
2.24e-05,0.4038
2.25e-05,0.36844
2.26e-05,0.40701
2.27e-05,0.49177
2.28e-05,0.562
2.29e-05,0.56235
2.3e-05,0.5009
2.31e-05,0.38994
2.32e-05,0.2423
2.33e-05,0.070478
2.34e-05,-0.10699
2.35e-05,-0.27386
2.36e-05,-0.4136
2.37e-05,-0.50952
2.38e-05,-0.56111
2.39e-05,-0.58091
2.4e-05,-0.58395
2.41e-05,-0.57874
2.42e-05,-0.55599
2.43e-05,-0.49869
2.44e-05,-0.3976
2.45e-05,-0.25469
2.46e-05,-0.083088
2.47e-05,0.097892
2.48e-05,0.26724
2.49e-05,0.40819
2.5e-05,0.50947
2.51e-05,0.56222
2.52e-05,0.56176
2.53e-05,0.50609
2.54e-05,0.3991
2.55e-05,0.25191
2.56e-05,0.080094
2.57e-05,-0.10251
2.58e-05,-0.2703
2.59e-05,-0.38905
2.6e-05,-0.42914
2.61e-05,-0.37889
2.62e-05,-0.24968
2.63e-05,-0.067012
2.64e-05,0.094347
2.65e-05,0.15889
2.66e-05,0.091938
2.67e-05,-0.075651
2.68e-05,-0.26437
2.69e-05,-0.38964
2.7e-05,-0.42966
2.71e-05,-0.37889
2.72e-05,-0.24968
2.73e-05,-0.067012
2.74e-05,0.094347
2.75e-05,0.15889
2.76e-05,0.091938
2.77e-05,-0.075651
2.78e-05,-0.26437
2.79e-05,-0.38964
2.8e-05,-0.42966
2.81e-05,-0.37889
2.82e-05,-0.24968
2.83e-05,-0.067012
2.84e-05,0.094347
2.85e-05,0.15889
2.86e-05,0.091938
2.87e-05,-0.075651
2.88e-05,-0.26437
2.89e-05,-0.38964
2.9e-05,-0.42966
2.91e-05,-0.37889
2.92e-05,-0.25176
2.93e-05,-0.080809
2.94e-05,0.10204
2.95e-05,0.27392
2.96e-05,0.41412
2.97e-05,0.51368
2.98e-05,0.56371
2.99e-05,0.55981
3e-05,0.4994
3.01e-05,0.39046
3.02e-05,0.24022
3.03e-05,0.056681
3.04e-05,-0.099294
3.05e-05,-0.15883
3.06e-05,-0.091417
3.07e-05,0.075651
3.08e-05,0.26437
3.09e-05,0.38964
3.1e-05,0.42966
3.11e-05,0.37889
3.12e-05,0.25176
3.13e-05,0.080809
3.14e-05,-0.10204
3.15e-05,-0.27392
3.16e-05,-0.41412
3.17e-05,-0.51368
3.18e-05,-0.56371
3.19e-05,-0.55981
3.2e-05,-0.4994
3.21e-05,-0.39046
3.22e-05,-0.2423
3.23e-05,-0.070478
3.24e-05,0.10699
3.25e-05,0.27386
3.26e-05,0.4136
3.27e-05,0.51368
3.28e-05,0.56371
3.29e-05,0.55981
3.3e-05,0.4994
3.31e-05,0.39046
3.32e-05,0.24022
3.33e-05,0.056681
3.34e-05,-0.099294
3.35e-05,-0.15883
3.36e-05,-0.091417
3.37e-05,0.072006
3.38e-05,0.26079
3.39e-05,0.40878
3.4e-05,0.50999
3.41e-05,0.56222
3.42e-05,0.56176
3.43e-05,0.50609
3.44e-05,0.3991
3.45e-05,0.25191
3.46e-05,0.080094
3.47e-05,-0.10251
3.48e-05,-0.2703
3.49e-05,-0.38905
3.5e-05,-0.42914
3.51e-05,-0.37889
3.52e-05,-0.25176
3.53e-05,-0.080809
3.54e-05,0.10204
3.55e-05,0.27392
3.56e-05,0.41412
3.57e-05,0.50952
3.58e-05,0.56111
3.59e-05,0.58091
3.6e-05,0.58395
3.61e-05,0.57874
3.62e-05,0.55443
3.63e-05,0.48339
3.64e-05,0.4038
3.65e-05,0.36844
3.66e-05,0.40701
3.67e-05,0.49177
3.68e-05,0.562
3.69e-05,0.56235
3.7e-05,0.5009
3.71e-05,0.38994
3.72e-05,0.24022
3.73e-05,0.056681
3.74e-05,-0.099294
3.75e-05,-0.15883
3.76e-05,-0.091417
3.77e-05,0.075651
3.78e-05,0.26437
3.79e-05,0.38964
3.8e-05,0.42966
3.81e-05,0.37889
3.82e-05,0.25176
3.83e-05,0.080809
3.84e-05,-0.10204
3.85e-05,-0.27392
3.86e-05,-0.41412
3.87e-05,-0.50952
3.88e-05,-0.56111
3.89e-05,-0.58091
3.9e-05,-0.58395
3.91e-05,-0.57874
3.92e-05,-0.55443
3.93e-05,-0.48339
3.94e-05,-0.4038
3.95e-05,-0.36844
3.96e-05,-0.40701
3.97e-05,-0.49177
3.98e-05,-0.562
3.99e-05,-0.56235
4e-05,-0.5009
4.01e-05,-0.38994
4.02e-05,-0.2423
4.03e-05,-0.070478
4.04e-05,0.10699
4.05e-05,0.27386
4.06e-05,0.4136
4.07e-05,0.51368
4.08e-05,0.56371
4.09e-05,0.55981
4.1e-05,0.4994
4.11e-05,0.39046
4.12e-05,0.2423
4.13e-05,0.070478
4.14e-05,-0.10699
4.15e-05,-0.27386
4.16e-05,-0.4136
4.17e-05,-0.51368
4.18e-05,-0.56371
4.19e-05,-0.55981
4.2e-05,-0.4994
4.21e-05,-0.39046
4.22e-05,-0.24022
4.23e-05,-0.056681
4.24e-05,0.099294
4.25e-05,0.15883
4.26e-05,0.091417
4.27e-05,-0.075651
4.28e-05,-0.26437
4.29e-05,-0.38964
4.3e-05,-0.42966
4.31e-05,-0.37889
4.32e-05,-0.24968
4.33e-05,-0.067012
4.34e-05,0.094347
4.35e-05,0.15889
4.36e-05,0.091938
4.37e-05,-0.072006
4.38e-05,-0.26079
4.39e-05,-0.40878
4.4e-05,-0.50999
4.41e-05,-0.56222
4.42e-05,-0.55968
4.43e-05,-0.49177
4.44e-05,-0.40777
4.45e-05,-0.3689
4.46e-05,-0.40649
4.47e-05,-0.49177
4.48e-05,-0.562
4.49e-05,-0.56235
4.5e-05,-0.5009
4.51e-05,-0.38994
4.52e-05,-0.24022
4.53e-05,-0.056681
4.54e-05,0.099294
4.55e-05,0.15883
4.56e-05,0.091417
4.57e-05,-0.072006
4.58e-05,-0.26079
4.59e-05,-0.40878
4.6e-05,-0.50999
4.61e-05,-0.56222
4.62e-05,-0.55968
4.63e-05,-0.49177
4.64e-05,-0.40777
4.65e-05,-0.3689
4.66e-05,-0.40649
4.67e-05,-0.48812
4.68e-05,-0.55842
4.69e-05,-0.58097
4.7e-05,-0.58221
4.71e-05,-0.57574
4.72e-05,-0.55501
4.73e-05,-0.49921
4.74e-05,-0.3976
4.75e-05,-0.25469
4.76e-05,-0.083088
4.77e-05,0.10154
4.78e-05,0.27082
4.79e-05,0.38905
4.8e-05,0.42914
4.81e-05,0.37889
4.82e-05,0.24968
4.83e-05,0.067012
4.84e-05,-0.094347
4.85e-05,-0.15889
4.86e-05,-0.091938
4.87e-05,0.072006
4.88e-05,0.26079
4.89e-05,0.40878
4.9e-05,0.50999
4.91e-05,0.56222
4.92e-05,0.56176
4.93e-05,0.50609
4.94e-05,0.3991
4.95e-05,0.25191
4.96e-05,0.080094
4.97e-05,-0.10251
4.98e-05,-0.2703
4.99e-05,-0.38905
5e-05,-0.42914
5.01e-05,-0.37889
5.02e-05,-0.25176
5.03e-05,-0.080809
5.04e-05,0.10204
5.05e-05,0.27392
5.06e-05,0.41412
5.07e-05,0.50952
5.08e-05,0.56111
5.09e-05,0.58091
5.1e-05,0.58395
5.11e-05,0.57874
5.12e-05,0.55443
5.13e-05,0.48339
5.14e-05,0.4038
5.15e-05,0.36844
5.16e-05,0.40701
5.17e-05,0.48812
5.18e-05,0.55842
5.19e-05,0.58097
5.2e-05,0.58221
5.21e-05,0.57574
5.22e-05,0.55501
5.23e-05,0.49921
5.24e-05,0.3976
5.25e-05,0.25469
5.26e-05,0.083088
5.27e-05,-0.097892
5.28e-05,-0.26724
5.29e-05,-0.40819
5.3e-05,-0.50947
5.31e-05,-0.56222
5.32e-05,-0.55968
5.33e-05,-0.49177
5.34e-05,-0.40777
5.35e-05,-0.3689
5.36e-05,-0.40649
5.37e-05,-0.49177
5.38e-05,-0.562
5.39e-05,-0.56235
5.4e-05,-0.5009
5.41e-05,-0.38994
5.42e-05,-0.2423
5.43e-05,-0.070478
5.44e-05,0.10699
5.45e-05,0.27386
5.46e-05,0.4136
5.47e-05,0.51368
5.48e-05,0.56371
5.49e-05,0.55981
5.5e-05,0.4994
5.51e-05,0.39046
5.52e-05,0.24022
5.53e-05,0.056681
5.54e-05,-0.099294
5.55e-05,-0.15883
5.56e-05,-0.091417
5.57e-05,0.072006
5.58e-05,0.26079
5.59e-05,0.40878
5.6e-05,0.50999
5.61e-05,0.56222
5.62e-05,0.55968
5.63e-05,0.49177
5.64e-05,0.40777
5.65e-05,0.3689
5.66e-05,0.40649
5.67e-05,0.49177
5.68e-05,0.562
5.69e-05,0.56235
5.7e-05,0.5009
5.71e-05,0.38994
5.72e-05,0.24022
5.73e-05,0.056681
5.74e-05,-0.099294
5.75e-05,-0.15883
5.76e-05,-0.091417
5.77e-05,0.075651
5.78e-05,0.26437
5.79e-05,0.38964
5.8e-05,0.42966
5.81e-05,0.37889
5.82e-05,0.25176
5.83e-05,0.080809
5.84e-05,-0.10204
5.85e-05,-0.27392
5.86e-05,-0.41412
5.87e-05,-0.50952
5.88e-05,-0.56111
5.89e-05,-0.58091
5.9e-05,-0.58395
5.91e-05,-0.57874
5.92e-05,-0.55443
5.93e-05,-0.48339
5.94e-05,-0.4038
5.95e-05,-0.36844
5.96e-05,-0.40701
5.97e-05,-0.48812
5.98e-05,-0.55842
5.99e-05,-0.58097
6e-05,-0.58221
6.01e-05,-0.57574
6.02e-05,-0.55501
6.03e-05,-0.49921
6.04e-05,-0.3976
6.05e-05,-0.25469
6.06e-05,-0.083088
6.07e-05,0.097892
6.08e-05,0.26724
6.09e-05,0.40819
6.1e-05,0.50947
6.11e-05,0.56222
6.12e-05,0.55968
6.13e-05,0.49177
6.14e-05,0.40777
6.15e-05,0.3689
6.16e-05,0.40649
6.17e-05,0.48812
6.18e-05,0.55842
6.19e-05,0.58097
6.2e-05,0.58221
6.21e-05,0.57574
6.22e-05,0.55345
6.23e-05,0.48391
6.24e-05,0.4038
6.25e-05,0.36844
6.26e-05,0.40701
6.27e-05,0.49177
6.28e-05,0.562
6.29e-05,0.56235
6.3e-05,0.5009
6.31e-05,0.38994
6.32e-05,0.2423
6.33e-05,0.070478
6.34e-05,-0.10699
6.35e-05,-0.27386
6.36e-05,-0.4136
6.37e-05,-0.51368
6.38e-05,-0.56371
6.39e-05,-0.55981
6.4e-05,-0.4994
6.41e-05,-0.39046
6.42e-05,-0.24022
6.43e-05,-0.056681
6.44e-05,0.099294
6.45e-05,0.15883
6.46e-05,0.091417
6.47e-05,-0.072006
6.48e-05,-0.26079
6.49e-05,-0.40878
6.5e-05,-0.50999
6.51e-05,-0.56222
6.52e-05,-0.56176
6.53e-05,-0.50609
6.54e-05,-0.3991
6.55e-05,-0.25191
6.56e-05,-0.080094
6.57e-05,0.10251
6.58e-05,0.2703
6.59e-05,0.38905
6.6e-05,0.42914
6.61e-05,0.37889
6.62e-05,0.24968
6.63e-05,0.067012
6.64e-05,-0.094347
6.65e-05,-0.15889
6.66e-05,-0.091938
6.67e-05,0.075651
6.68e-05,0.26437
6.69e-05,0.38964
6.7e-05,0.42966
6.71e-05,0.37889
6.72e-05,0.25176
6.73e-05,0.080809
6.74e-05,-0.10204
6.75e-05,-0.27392
6.76e-05,-0.41412
6.77e-05,-0.50952
6.78e-05,-0.56111
6.79e-05,-0.58091
6.8e-05,-0.58395
6.81e-05,-0.57874
6.82e-05,-0.55443
6.83e-05,-0.48339
6.84e-05,-0.4038
6.85e-05,-0.36844
6.86e-05,-0.40701
6.87e-05,-0.48812
6.88e-05,-0.55842
6.89e-05,-0.58097
6.9e-05,-0.58221
6.91e-05,-0.57574
6.92e-05,-0.55501
6.93e-05,-0.49921
6.94e-05,-0.3976
6.95e-05,-0.25469
6.96e-05,-0.083088
6.97e-05,0.10154
6.98e-05,0.27082
6.99e-05,0.38905
7e-05,0.42914
7.01e-05,0.37889
7.02e-05,0.25176
7.03e-05,0.080809
7.04e-05,-0.10204
7.05e-05,-0.27392
7.06e-05,-0.41412
7.07e-05,-0.50952
7.08e-05,-0.56111
7.09e-05,-0.58091
7.1e-05,-0.58395
7.11e-05,-0.57874
7.12e-05,-0.55443
7.13e-05,-0.48339
7.14e-05,-0.4038
7.15e-05,-0.36844
7.16e-05,-0.40701
7.17e-05,-0.49177
7.18e-05,-0.562
7.19e-05,-0.56235
7.2e-05,-0.5009
7.21e-05,-0.38994
7.22e-05,-0.24022
7.23e-05,-0.056681
7.24e-05,0.099294
7.25e-05,0.15883
7.26e-05,0.091417
7.27e-05,-0.072006
7.28e-05,-0.26079
7.29e-05,-0.40878
7.3e-05,-0.50999
7.31e-05,-0.56222
7.32e-05,-0.55968
7.33e-05,-0.49177
7.34e-05,-0.40777
7.35e-05,-0.3689
7.36e-05,-0.40649
7.37e-05,-0.49177
7.38e-05,-0.562
7.39e-05,-0.56235
7.4e-05,-0.5009
7.41e-05,-0.38994
7.42e-05,-0.24022
7.43e-05,-0.056681
7.44e-05,0.099294
7.45e-05,0.15883
7.46e-05,0.091417
7.47e-05,-0.075651
7.48e-05,-0.26437
7.49e-05,-0.38964
7.5e-05,-0.42966
7.51e-05,-0.37889
7.52e-05,-0.24968
7.53e-05,-0.067012
7.54e-05,0.094347
7.55e-05,0.15889
7.56e-05,0.091938
7.57e-05,-0.072006
7.58e-05,-0.26079
7.59e-05,-0.40878
7.6e-05,-0.50999
7.61e-05,-0.56222
7.62e-05,-0.56176
7.63e-05,-0.50609
7.64e-05,-0.3991
7.65e-05,-0.25191
7.66e-05,-0.080094
7.67e-05,0.098868
7.68e-05,0.26672
7.69e-05,0.40819
7.7e-05,0.50947
7.71e-05,0.56222
7.72e-05,0.56176
7.73e-05,0.50609
7.74e-05,0.3991
7.75e-05,0.25191
7.76e-05,0.080094
7.77e-05,-0.098868
7.78e-05,-0.26672
7.79e-05,-0.40819
7.8e-05,-0.50947
7.81e-05,-0.56222
7.82e-05,-0.55968
7.83e-05,-0.49177
7.84e-05,-0.40777
7.85e-05,-0.3689
7.86e-05,-0.40649
7.87e-05,-0.48812
7.88e-05,-0.55842
7.89e-05,-0.58097
7.9e-05,-0.58221
7.91e-05,-0.57574
7.92e-05,-0.55501
7.93e-05,-0.49921
7.94e-05,-0.3976
7.95e-05,-0.25469
7.96e-05,-0.083088
7.97e-05,0.10154
7.98e-05,0.27082
7.99e-05,0.38905
8e-05,0.42914
8.01e-05,0.37889
8.02e-05,0.25176
8.03e-05,0.080809
8.04e-05,-0.10204
8.05e-05,-0.27392
8.06e-05,-0.41412
8.07e-05,-0.50952
8.08e-05,-0.56111
8.09e-05,-0.58091
8.1e-05,-0.58395
8.11e-05,-0.57874
8.12e-05,-0.55599
8.13e-05,-0.49869
8.14e-05,-0.3976
8.15e-05,-0.25469
8.16e-05,-0.083088
8.17e-05,0.097892
8.18e-05,0.26724
8.19e-05,0.40819
8.2e-05,0.50947
8.21e-05,0.56222
8.22e-05,0.55968
8.23e-05,0.49177
8.24e-05,0.40777
8.25e-05,0.3689
8.26e-05,0.40649
8.27e-05,0.48812
8.28e-05,0.55842
8.29e-05,0.58097
8.3e-05,0.58221
8.31e-05,0.57574
8.32e-05,0.55501
8.33e-05,0.49921
8.34e-05,0.3976
8.35e-05,0.25469
8.36e-05,0.083088
8.37e-05,-0.10154
8.38e-05,-0.27082
8.39e-05,-0.38905
8.4e-05,-0.42914
8.41e-05,-0.37889
8.42e-05,-0.25176
8.43e-05,-0.080809
8.44e-05,0.10204
8.45e-05,0.27392
8.46e-05,0.41412
8.47e-05,0.51368
8.48e-05,0.56371
8.49e-05,0.55981
8.5e-05,0.4994
8.51e-05,0.39046
8.52e-05,0.24022
8.53e-05,0.056681
8.54e-05,-0.099294
8.55e-05,-0.15883
8.56e-05,-0.091417
8.57e-05,0.072006
8.58e-05,0.26079
8.59e-05,0.40878
8.6e-05,0.50999
8.61e-05,0.56222
8.62e-05,0.56176
8.63e-05,0.50609
8.64e-05,0.3991
8.65e-05,0.25191
8.66e-05,0.080094
8.67e-05,-0.098868
8.68e-05,-0.26672
8.69e-05,-0.40819
8.7e-05,-0.50947
8.71e-05,-0.56222
8.72e-05,-0.56176
8.73e-05,-0.50609
8.74e-05,-0.3991
8.75e-05,-0.25191
8.76e-05,-0.080094
8.77e-05,0.10251
8.78e-05,0.2703
8.79e-05,0.38905
8.8e-05,0.42914
8.81e-05,0.37889
8.82e-05,0.25176
8.83e-05,0.080809
8.84e-05,-0.10204
8.85e-05,-0.27392
8.86e-05,-0.41412
8.87e-05,-0.51368
8.88e-05,-0.56371
8.89e-05,-0.55981
8.9e-05,-0.4994
8.91e-05,-0.39046
8.92e-05,-0.24022
8.93e-05,-0.056681
8.94e-05,0.099294
8.95e-05,0.15883
8.96e-05,0.091417
8.97e-05,-0.075651
8.98e-05,-0.26437
8.99e-05,-0.38964
9e-05,-0.42966
9.01e-05,-0.37889
9.02e-05,-0.24968
9.03e-05,-0.067012
9.04e-05,0.094347
9.05e-05,0.15889
9.06e-05,0.091938
9.07e-05,-0.072006
9.08e-05,-0.26079
9.09e-05,-0.40878
9.1e-05,-0.50999
9.11e-05,-0.56222
9.12e-05,-0.55968
9.13e-05,-0.49177
9.14e-05,-0.40777
9.15e-05,-0.3689
9.16e-05,-0.40649
9.17e-05,-0.49177
9.18e-05,-0.562
9.19e-05,-0.56235
9.2e-05,-0.5009
9.21e-05,-0.38994
9.22e-05,-0.24022
9.23e-05,-0.056681
9.24e-05,0.099294
9.25e-05,0.15883
9.26e-05,0.091417
9.27e-05,-0.072006
9.28e-05,-0.26079
9.29e-05,-0.40878
9.3e-05,-0.50999
9.31e-05,-0.56222
9.32e-05,-0.55968
9.33e-05,-0.49177
9.34e-05,-0.40777
9.35e-05,-0.3689
9.36e-05,-0.40649
9.37e-05,-0.48812
9.38e-05,-0.55842
9.39e-05,-0.58097
9.4e-05,-0.58221
9.41e-05,-0.57574
9.42e-05,-0.55345
9.43e-05,-0.48391
9.44e-05,-0.4038
9.45e-05,-0.36844
9.46e-05,-0.40701
9.47e-05,-0.49177
9.48e-05,-0.562
9.49e-05,-0.56235
9.5e-05,-0.5009
9.51e-05,-0.38994
9.52e-05,-0.24022
9.53e-05,-0.056681
9.54e-05,0.099294
9.55e-05,0.15883
9.56e-05,0.091417
9.57e-05,-0.072006
9.58e-05,-0.26079
9.59e-05,-0.40878
9.6e-05,-0.50999
9.61e-05,-0.56222
9.62e-05,-0.56176
9.63e-05,-0.50609
9.64e-05,-0.3991
9.65e-05,-0.25191
9.66e-05,-0.080094
9.67e-05,0.098868
9.68e-05,0.26672
9.69e-05,0.40819
9.7e-05,0.50947
9.71e-05,0.56222
9.72e-05,0.55968
9.73e-05,0.49177
9.74e-05,0.40777
9.75e-05,0.3689
9.76e-05,0.40649
9.77e-05,0.48812
9.78e-05,0.55842
9.79e-05,0.58097
9.8e-05,0.58221
9.81e-05,0.57574
9.82e-05,0.55345
9.83e-05,0.48391
9.84e-05,0.4038
9.85e-05,0.36844
9.86e-05,0.40701
9.87e-05,0.48812
9.88e-05,0.55842
9.89e-05,0.58097
9.9e-05,0.58221
9.91e-05,0.57574
9.92e-05,0.55501
9.93e-05,0.49921
9.94e-05,0.3976
9.95e-05,0.25469
9.96e-05,0.083088
9.97e-05,-0.10154
9.98e-05,-0.27082
9.99e-05,-0.38905
0.0001,-0.42914
0.0001001,-0.37889
0.0001002,-0.24968
0.0001003,-0.067012
0.0001004,0.094347
0.0001005,0.15889
0.0001006,0.091938
0.0001007,-0.072006
0.0001008,-0.26079
0.0001009,-0.40878
0.000101,-0.50999
0.0001011,-0.56222
0.0001012,-0.56176
0.0001013,-0.50609
0.0001014,-0.3991
0.0001015,-0.25191
0.0001016,-0.080094
0.0001017,0.098868
0.0001018,0.26672
0.0001019,0.40819
0.000102,0.50947
0.0001021,0.56222
0.0001022,0.56176
0.0001023,0.50609
0.0001024,0.3991
0.0001025,0.25191
0.0001026,0.080094
0.0001027,-0.10251
0.0001028,-0.2703
0.0001029,-0.38905
0.000103,-0.42914
0.0001031,-0.37889
0.0001032,-0.24968
0.0001033,-0.067012
0.0001034,0.094347
0.0001035,0.15889
0.0001036,0.091938
0.0001037,-0.072006
0.0001038,-0.26079
0.0001039,-0.40878
0.000104,-0.50999
0.0001041,-0.56222
0.0001042,-0.56176
0.0001043,-0.50609
0.0001044,-0.3991
0.0001045,-0.25191
0.0001046,-0.080094
0.0001047,0.10251
0.0001048,0.2703
0.0001049,0.38905
0.000105,0.42914
0.0001051,0.37889
0.0001052,0.25176
0.0001053,0.080809
0.0001054,-0.10204
0.0001055,-0.27392
0.0001056,-0.41412
0.0001057,-0.50952
0.0001058,-0.56111
0.0001059,-0.58091
0.000106,-0.58395
0.0001061,-0.57874
0.0001062,-0.55599
0.0001063,-0.49869
0.0001064,-0.3976
0.0001065,-0.25469
0.0001066,-0.083088
0.0001067,0.10154
0.0001068,0.27082
0.0001069,0.38905
0.000107,0.42914
0.0001071,0.37889
0.0001072,0.24968
0.0001073,0.067012
0.0001074,-0.094347
0.0001075,-0.15889
0.0001076,-0.091938
0.0001077,0.075651
0.0001078,0.26437
0.0001079,0.38964
0.000108,0.42966
0.0001081,0.37889
0.0001082,0.25176
0.0001083,0.080809
0.0001084,-0.10204
0.0001085,-0.27392
0.0001086,-0.41412
0.0001087,-0.51368
0.0001088,-0.56371
0.0001089,-0.55981
0.000109,-0.4994
0.0001091,-0.39046
0.0001092,-0.2423
0.0001093,-0.070478
0.0001094,0.10699
0.0001095,0.27386
0.0001096,0.4136
0.0001097,0.50952
0.0001098,0.56111
0.0001099,0.58091
0.00011,0.58395
0.0001101,0.57874
0.0001102,0.55599
0.0001103,0.49869
0.0001104,0.3976
0.0001105,0.25469
0.0001106,0.083088
0.0001107,-0.10154
0.0001108,-0.27082
0.0001109,-0.38905
0.000111,-0.42914
0.0001111,-0.37889
0.0001112,-0.24968
0.0001113,-0.067012
0.0001114,0.094347
0.0001115,0.15889
0.0001116,0.091938
0.0001117,-0.075651
0.0001118,-0.26437
0.0001119,-0.38964
0.000112,-0.42966
0.0001121,-0.37889
0.0001122,-0.25176
0.0001123,-0.080809
0.0001124,0.10204
0.0001125,0.27392
0.0001126,0.41412
0.0001127,0.51368
0.0001128,0.56371
0.0001129,0.55981
0.000113,0.4994
0.0001131,0.39046
0.0001132,0.24022
0.0001133,0.056681
0.0001134,-0.099294
0.0001135,-0.15883
0.0001136,-0.091417
0.0001137,0.072006
0.0001138,0.26079
0.0001139,0.40878
0.000114,0.50999
0.0001141,0.56222
0.0001142,0.56176
0.0001143,0.50609
0.0001144,0.3991
0.0001145,0.25191
0.0001146,0.080094
0.0001147,-0.098868
0.0001148,-0.26672
0.0001149,-0.40819
0.000115,-0.50947
0.0001151,-0.56222
0.0001152,-0.56176
0.0001153,-0.50609
0.0001154,-0.3991
0.0001155,-0.25191
0.0001156,-0.080094
0.0001157,0.10251
0.0001158,0.2703
0.0001159,0.38905
0.000116,0.42914
0.0001161,0.37889
0.0001162,0.24968
0.0001163,0.067012
0.0001164,-0.094347
0.0001165,-0.15889
0.0001166,-0.091938
0.0001167,0.075651
0.0001168,0.26437
0.0001169,0.38964
0.000117,0.42966
0.0001171,0.37889
0.0001172,0.24968
0.0001173,0.067012
0.0001174,-0.094347
0.0001175,-0.15889
0.0001176,-0.091938
0.0001177,0.072006
0.0001178,0.26079
0.0001179,0.40878
0.000118,0.50999
0.0001181,0.56222
0.0001182,0.56176
0.0001183,0.50609
0.0001184,0.3991
0.0001185,0.25191
0.0001186,0.080094
0.0001187,-0.098868
0.0001188,-0.26672
0.0001189,-0.40819
0.000119,-0.50947
0.0001191,-0.56222
0.0001192,-0.55968
0.0001193,-0.49177
0.0001194,-0.40777
0.0001195,-0.3689
0.0001196,-0.40649
0.0001197,-0.48812
0.0001198,-0.55842
0.0001199,-0.58097
0.00012,-0.58221
0.0001201,-0.57574
0.0001202,-0.55501
0.0001203,-0.49921
0.0001204,-0.3976
0.0001205,-0.25469
0.0001206,-0.083088
0.0001207,0.097892
0.0001208,0.26724
0.0001209,0.40819
0.000121,0.50947
0.0001211,0.56222
0.0001212,0.55968
0.0001213,0.49177
0.0001214,0.40777
0.0001215,0.3689
0.0001216,0.40649
0.0001217,0.49177
0.0001218,0.562
0.0001219,0.56235
0.000122,0.5009
0.0001221,0.38994
0.0001222,0.2423
0.0001223,0.070478
0.0001224,-0.10699
0.0001225,-0.27386
0.0001226,-0.4136
0.0001227,-0.51368
0.0001228,-0.56371
0.0001229,-0.55981
0.000123,-0.4994
0.0001231,-0.39046
0.0001232,-0.24022
0.0001233,-0.056681
0.0001234,0.099294
0.0001235,0.15883
0.0001236,0.091417
0.0001237,-0.072006
0.0001238,-0.26079
0.0001239,-0.40878
0.000124,-0.50999
0.0001241,-0.56222
0.0001242,-0.55968
0.0001243,-0.49177
0.0001244,-0.40777
0.0001245,-0.3689
0.0001246,-0.40649
0.0001247,-0.49177
0.0001248,-0.562
0.0001249,-0.56235
0.000125,-0.5009
0.0001251,-0.38994
0.0001252,-0.24022
0.0001253,-0.056681
0.0001254,0.099294
0.0001255,0.15883
0.0001256,0.091417
0.0001257,-0.072006
0.0001258,-0.26079
0.0001259,-0.40878
0.000126,-0.50999
0.0001261,-0.56222
0.0001262,-0.56176
0.0001263,-0.50609
0.0001264,-0.3991
0.0001265,-0.25191
0.0001266,-0.080094
0.0001267,0.10251
0.0001268,0.2703
0.0001269,0.38905
0.000127,0.42914
0.0001271,0.37889
0.0001272,0.25176
0.0001273,0.080809
0.0001274,-0.10204
0.0001275,-0.27392
0.0001276,-0.41412
0.0001277,-0.51368
0.0001278,-0.56371
0.0001279,-0.55981
0.000128,-0.4994
0.0001281,-0.39046
0.0001282,-0.2423
0.0001283,-0.070478
0.0001284,0.10699
0.0001285,0.27386
0.0001286,0.4136
0.0001287,0.50952
0.0001288,0.56111
0.0001289,0.58091
0.000129,0.58395
0.0001291,0.57874
0.0001292,0.55443
0.0001293,0.48339
0.0001294,0.4038
0.0001295,0.36844
0.0001296,0.40701
0.0001297,0.49177
0.0001298,0.562
0.0001299,0.56235
0.00013,0.5009
0.0001301,0.38994
0.0001302,0.24022
0.0001303,0.056681
0.0001304,-0.099294
0.0001305,-0.15883
0.0001306,-0.091417
0.0001307,0.075651
0.0001308,0.26437
0.0001309,0.38964
0.000131,0.42966
0.0001311,0.37889
0.0001312,0.25176
0.0001313,0.080809
0.0001314,-0.10204
0.0001315,-0.27392
0.0001316,-0.41412
0.0001317,-0.51368
0.0001318,-0.56371
0.0001319,-0.55981
0.000132,-0.4994
0.0001321,-0.39046
0.0001322,-0.24022
0.0001323,-0.056681
0.0001324,0.099294
0.0001325,0.15883
0.0001326,0.091417
0.0001327,-0.075651
0.0001328,-0.26437
0.0001329,-0.38964
0.000133,-0.42966
0.0001331,-0.37889
0.0001332,-0.25176
0.0001333,-0.080809
0.0001334,0.10204
0.0001335,0.27392
0.0001336,0.41412
0.0001337,0.50952
0.0001338,0.56111
0.0001339,0.58091
0.000134,0.58395
0.0001341,0.57874
0.0001342,0.55443
0.0001343,0.48339
0.0001344,0.4038
0.0001345,0.36844
0.0001346,0.40701
0.0001347,0.48812
0.0001348,0.55842
0.0001349,0.58097
0.000135,0.58221
0.0001351,0.57574
0.0001352,0.55345
0.0001353,0.48391
0.0001354,0.4038
0.0001355,0.36844
0.0001356,0.40701
0.0001357,0.49177
0.0001358,0.562
0.0001359,0.56235
0.000136,0.5009
0.0001361,0.38994
0.0001362,0.24022
0.0001363,0.056681
0.0001364,-0.099294
0.0001365,-0.15883
0.0001366,-0.091417
0.0001367,0.072006
0.0001368,0.26079
0.0001369,0.40878
0.000137,0.50999
0.0001371,0.56222
0.0001372,0.55968
0.0001373,0.49177
0.0001374,0.40777
0.0001375,0.3689
0.0001376,0.40649
0.0001377,0.49177
0.0001378,0.562
0.0001379,0.56235
0.000138,0.5009
0.0001381,0.38994
0.0001382,0.24022
0.0001383,0.056681
0.0001384,-0.099294
0.0001385,-0.15883
0.0001386,-0.091417
0.0001387,0.072006
0.0001388,0.26079
0.0001389,0.40878
0.000139,0.50999
0.0001391,0.56222
0.0001392,0.55968
0.0001393,0.49177
0.0001394,0.40777
0.0001395,0.3689
0.0001396,0.40649
0.0001397,0.49177
0.0001398,0.562
0.0001399,0.56235
0.00014,0.5009
0.0001401,0.38994
0.0001402,0.2423
0.0001403,0.070478
0.0001404,-0.10699
0.0001405,-0.27386
0.0001406,-0.4136
0.0001407,-0.51368
0.0001408,-0.56371
0.0001409,-0.55981
0.000141,-0.4994
0.0001411,-0.39046
0.0001412,-0.2423
0.0001413,-0.070478
0.0001414,0.10699
0.0001415,0.27386
0.0001416,0.4136
0.0001417,0.50952
0.0001418,0.56111
0.0001419,0.58091
0.000142,0.58395
0.0001421,0.57874
0.0001422,0.55599
0.0001423,0.49869
0.0001424,0.3976
0.0001425,0.25469
0.0001426,0.083088
0.0001427,-0.10154
0.0001428,-0.27082
0.0001429,-0.38905
0.000143,-0.42914
0.0001431,-0.37889
0.0001432,-0.25176
0.0001433,-0.080809
0.0001434,0.10204
0.0001435,0.27392
0.0001436,0.41412
0.0001437,0.51368
0.0001438,0.56371
0.0001439,0.55981
0.000144,0.4994
0.0001441,0.39046
0.0001442,0.2423
0.0001443,0.070478
0.0001444,-0.10699
0.0001445,-0.27386
0.0001446,-0.4136
0.0001447,-0.50952
0.0001448,-0.56111
0.0001449,-0.58091
0.000145,-0.58395
0.0001451,-0.57874
0.0001452,-0.55599
0.0001453,-0.49869
0.0001454,-0.3976
0.0001455,-0.25469
0.0001456,-0.083088
0.0001457,0.10154
0.0001458,0.27082
0.0001459,0.38905
0.000146,0.42914
0.0001461,0.37889
0.0001462,0.24968
0.0001463,0.067012
0.0001464,-0.094347
0.0001465,-0.15889
0.0001466,-0.091938
0.0001467,0.072006
0.0001468,0.26079
0.0001469,0.40878
0.000147,0.50999
0.0001471,0.56222
0.0001472,0.55968
0.0001473,0.49177
0.0001474,0.40777
0.0001475,0.3689
0.0001476,0.40649
0.0001477,0.49177
0.0001478,0.562
0.0001479,0.56235
0.000148,0.5009
0.0001481,0.38994
0.0001482,0.2423
0.0001483,0.070478
0.0001484,-0.10699
0.0001485,-0.27386
0.0001486,-0.4136
0.0001487,-0.51368
0.0001488,-0.56371
0.0001489,-0.55981
0.000149,-0.4994
0.0001491,-0.39046
0.0001492,-0.2423
0.0001493,-0.070478
0.0001494,0.10699
0.0001495,0.27386
0.0001496,0.4136
0.0001497,0.50952
0.0001498,0.56111
0.0001499,0.58091
0.00015,0.58395
0.0001501,0.57874
0.0001502,0.55599
0.0001503,0.49869
0.0001504,0.3976
0.0001505,0.25469
0.0001506,0.083088
0.0001507,-0.10154
0.0001508,-0.27082
0.0001509,-0.38905
0.000151,-0.42914
0.0001511,-0.37889
0.0001512,-0.24968
0.0001513,-0.067012
0.0001514,0.094347
0.0001515,0.15889
0.0001516,0.091938
0.0001517,-0.075651
0.0001518,-0.26437
0.0001519,-0.38964
0.000152,-0.42966
0.0001521,-0.37889
0.0001522,-0.24968
0.0001523,-0.067012
0.0001524,0.094347
0.0001525,0.15889
0.0001526,0.091938
0.0001527,-0.075651
0.0001528,-0.26437
0.0001529,-0.38964
0.000153,-0.42966
0.0001531,-0.37889
0.0001532,-0.25176
0.0001533,-0.080809
0.0001534,0.10204
0.0001535,0.27392
0.0001536,0.41412
0.0001537,0.51368
0.0001538,0.56371
0.0001539,0.55981
0.000154,0.4994
0.0001541,0.39046
0.0001542,0.2423
0.0001543,0.070478
0.0001544,-0.10699
0.0001545,-0.27386
0.0001546,-0.4136
0.0001547,-0.51368
0.0001548,-0.56371
0.0001549,-0.55981
0.000155,-0.4994
0.0001551,-0.39046
0.0001552,-0.24022
0.0001553,-0.056681
