0,0
1e-07,0
2e-07,0
3e-07,0
4e-07,0
5e-07,0
6e-07,-96
7e-07,-96
8e-07,-96
9e-07,-96
1e-06,-96
1.1e-06,-96
1.2e-06,-96
1.3e-06,-96
1.4e-06,-96
1.5e-06,-96
1.6e-06,-96
1.7e-06,-96
1.8e-06,-96
1.9e-06,-96
2e-06,-96
2.1e-06,-96
2.2e-06,-96
2.3e-06,-96
2.4e-06,-96
2.5e-06,-96
2.6e-06,-96
2.7e-06,-96
2.8e-06,-96
2.9e-06,-96
3e-06,-71
3.1e-06,-45
3.2e-06,0
3.3e-06,0
3.4e-06,0
3.5e-06,0
3.6e-06,0
3.7e-06,0
3.8e-06,-45
3.9e-06,-45
4e-06,-71
4.1e-06,-96
4.2e-06,-96
4.3e-06,-96
4.4e-06,-96
4.5e-06,-96
4.6e-06,-96
4.7e-06,-96
4.8e-06,-96
4.9e-06,-96
5e-06,-96
5.1e-06,-96
5.2e-06,-96
5.3e-06,-96
5.4e-06,-96
5.5e-06,-96
5.6e-06,-96
5.7e-06,-96
5.8e-06,-96
5.9e-06,-96
6e-06,-71
6.1e-06,-45
6.2e-06,0
6.3e-06,0
6.4e-06,0
6.5e-06,45
6.6e-06,45
6.7e-06,96
6.8e-06,96
6.9e-06,96
7e-06,96
7.1e-06,96
7.2e-06,0
7.3e-06,0
7.4e-06,0
7.5e-06,0
7.6e-06,0
7.7e-06,0
7.8e-06,96
7.9e-06,96
8e-06,96
8.1e-06,96
8.2e-06,96
8.3e-06,45
8.4e-06,45
8.5e-06,45
8.6e-06,45
8.7e-06,45
8.8e-06,96
8.9e-06,96
9e-06,96
9.1e-06,96
9.2e-06,0
9.3e-06,0
9.4e-06,0
9.5e-06,0
9.6e-06,0
9.7e-06,0
9.8e-06,96
9.9e-06,96
1e-05,96
1.01e-05,96
1.02e-05,0
1.03e-05,0
1.04e-05,0
1.05e-05,0
1.06e-05,0
1.07e-05,0
1.08e-05,96
1.09e-05,96
1.1e-05,96
1.11e-05,96
1.12e-05,96
1.13e-05,45
1.14e-05,45
1.15e-05,45
1.16e-05,45
1.17e-05,96
1.18e-05,96
1.19e-05,96
1.2e-05,96
1.21e-05,96
1.22e-05,96
1.23e-05,45
1.24e-05,45
1.25e-05,19
1.26e-05,0
1.27e-05,0
1.28e-05,-19
1.29e-05,-45
1.3e-05,-71
1.31e-05,-96
1.32e-05,-96
1.33e-05,-96
1.34e-05,-96
1.35e-05,-96
1.36e-05,0
1.37e-05,0
1.38e-05,96
1.39e-05,96
1.4e-05,96
1.41e-05,96
1.42e-05,0
1.43e-05,0
1.44e-05,0
1.45e-05,0
1.46e-05,0
1.47e-05,0
1.48e-05,96
1.49e-05,96
1.5e-05,96
1.51e-05,96
1.52e-05,96
1.53e-05,71
1.54e-05,45
1.55e-05,19
1.56e-05,0
1.57e-05,0
1.58e-05,-45
1.59e-05,-45
1.6e-05,-45
1.61e-05,-45
1.62e-05,0
1.63e-05,0
1.64e-05,0
1.65e-05,0
1.66e-05,0
1.67e-05,0
1.68e-05,-45
1.69e-05,-45
1.7e-05,-45
1.71e-05,-45
1.72e-05,0
1.73e-05,0
1.74e-05,0
1.75e-05,0
1.76e-05,0
1.77e-05,0
1.78e-05,-45
1.79e-05,-45
1.8e-05,-71
1.81e-05,-96
1.82e-05,-96
1.83e-05,-96
1.84e-05,-96
1.85e-05,-96
1.86e-05,-96
1.87e-05,-96
1.88e-05,-96
1.89e-05,-96
1.9e-05,-71
1.91e-05,-45
1.92e-05,0
1.93e-05,0
1.94e-05,0
1.95e-05,0
1.96e-05,0
1.97e-05,0
1.98e-05,-45
1.99e-05,-45
2e-05,-45
2.01e-05,-45
2.02e-05,-45
2.03e-05,0
2.04e-05,0
2.05e-05,19
2.06e-05,45
2.07e-05,96
2.08e-05,96
2.09e-05,96
2.1e-05,96
2.11e-05,96
2.12e-05,96
2.13e-05,45
2.14e-05,45
2.15e-05,45
2.16e-05,45
2.17e-05,96
2.18e-05,96
2.19e-05,96
2.2e-05,96
2.21e-05,96
2.22e-05,96
2.23e-05,45
2.24e-05,45
2.25e-05,45
2.26e-05,45
2.27e-05,45
2.28e-05,96
2.29e-05,96
2.3e-05,96
2.31e-05,96
2.32e-05,0
2.33e-05,0
2.34e-05,0
2.35e-05,-96
2.36e-05,-96
2.37e-05,-96
2.38e-05,-96
2.39e-05,-96
2.4e-05,-96
2.41e-05,-96
2.42e-05,-96
2.43e-05,-96
2.44e-05,-96
2.45e-05,-96
2.46e-05,0
2.47e-05,0
2.48e-05,96
2.49e-05,96
2.5e-05,96
2.51e-05,96
2.52e-05,96
2.53e-05,71
2.54e-05,45
2.55e-05,19
2.56e-05,0
2.57e-05,0
2.58e-05,-45
2.59e-05,-45
2.6e-05,-45
2.61e-05,-45
2.62e-05,0
2.63e-05,0
2.64e-05,0
2.65e-05,0
2.66e-05,0
2.67e-05,0
2.68e-05,-45
2.69e-05,-45
2.7e-05,-45
2.71e-05,-45
2.72e-05,0
2.73e-05,0
2.74e-05,0
2.75e-05,0
2.76e-05,0
2.77e-05,0
2.78e-05,-45
2.79e-05,-45
2.8e-05,-45
2.81e-05,-45
2.82e-05,0
2.83e-05,0
2.84e-05,0
2.85e-05,0
2.86e-05,0
2.87e-05,0
2.88e-05,-45
2.89e-05,-45
2.9e-05,-45
2.91e-05,-45
2.92e-05,-45
2.93e-05,0
2.94e-05,0
2.95e-05,19
2.96e-05,45
2.97e-05,96
2.98e-05,96
2.99e-05,96
3e-05,96
3.01e-05,96
3.02e-05,0
3.03e-05,0
3.04e-05,0
3.05e-05,0
3.06e-05,0
3.07e-05,0
3.08e-05,96
3.09e-05,96
3.1e-05,96
3.11e-05,96
3.12e-05,96
3.13e-05,0
3.14e-05,0
3.15e-05,-96
3.16e-05,-96
3.17e-05,-96
3.18e-05,-96
3.19e-05,-96
3.2e-05,-45
3.21e-05,-45
3.22e-05,0
3.23e-05,0
3.24e-05,0
3.25e-05,45
3.26e-05,45
3.27e-05,96
3.28e-05,96
3.29e-05,96
3.3e-05,96
3.31e-05,96
3.32e-05,0
3.33e-05,0
3.34e-05,0
3.35e-05,0
3.36e-05,0
3.37e-05,0
3.38e-05,96
3.39e-05,96
3.4e-05,96
3.41e-05,96
3.42e-05,96
3.43e-05,71
3.44e-05,45
3.45e-05,19
3.46e-05,0
3.47e-05,0
3.48e-05,-45
3.49e-05,-45
3.5e-05,-45
3.51e-05,-45
3.52e-05,-45
3.53e-05,0
3.54e-05,0
3.55e-05,19
3.56e-05,45
3.57e-05,96
3.58e-05,96
3.59e-05,96
3.6e-05,96
3.61e-05,96
3.62e-05,96
3.63e-05,45
3.64e-05,45
3.65e-05,45
3.66e-05,45
3.67e-05,45
3.68e-05,96
3.69e-05,96
3.7e-05,96
3.71e-05,96
3.72e-05,0
3.73e-05,0
3.74e-05,0
3.75e-05,0
3.76e-05,0
3.77e-05,0
3.78e-05,96
3.79e-05,96
3.8e-05,96
3.81e-05,96
3.82e-05,96
3.83e-05,0
3.84e-05,0
3.85e-05,-96
3.86e-05,-96
3.87e-05,-96
3.88e-05,-96
3.89e-05,-96
3.9e-05,-96
3.91e-05,-96
3.92e-05,-96
3.93e-05,-96
3.94e-05,-96
3.95e-05,-96
3.96e-05,-96
3.97e-05,-96
3.98e-05,-96
3.99e-05,-96
4e-05,-71
4.01e-05,-45
4.02e-05,0
4.03e-05,0
4.04e-05,0
4.05e-05,45
4.06e-05,45
4.07e-05,96
4.08e-05,96
4.09e-05,96
4.1e-05,96
4.11e-05,96
4.12e-05,0
4.13e-05,0
4.14e-05,0
4.15e-05,-96
4.16e-05,-96
4.17e-05,-96
4.18e-05,-96
4.19e-05,-96
4.2e-05,-45
4.21e-05,-45
4.22e-05,0
4.23e-05,0
4.24e-05,0
4.25e-05,0
4.26e-05,0
4.27e-05,0
4.28e-05,-45
4.29e-05,-45
4.3e-05,-45
4.31e-05,-45
4.32e-05,0
4.33e-05,0
4.34e-05,0
4.35e-05,0
4.36e-05,0
4.37e-05,0
4.38e-05,-45
4.39e-05,-45
4.4e-05,-71
4.41e-05,-96
4.42e-05,-96
4.43e-05,-96
4.44e-05,-96
4.45e-05,-96
4.46e-05,-96
4.47e-05,-96
4.48e-05,-96
4.49e-05,-96
4.5e-05,-71
4.51e-05,-45
4.52e-05,0
4.53e-05,0
4.54e-05,0
4.55e-05,0
4.56e-05,0
4.57e-05,0
4.58e-05,-45
4.59e-05,-45
4.6e-05,-71
4.61e-05,-96
4.62e-05,-96
4.63e-05,-96
4.64e-05,-96
4.65e-05,-96
4.66e-05,-96
4.67e-05,-96
4.68e-05,-96
4.69e-05,-96
4.7e-05,-96
4.71e-05,-96
4.72e-05,-96
4.73e-05,-96
4.74e-05,-96
4.75e-05,-96
4.76e-05,0
4.77e-05,0
4.78e-05,96
4.79e-05,96
4.8e-05,96
4.81e-05,96
4.82e-05,0
4.83e-05,0
4.84e-05,0
4.85e-05,0
4.86e-05,0
4.87e-05,0
4.88e-05,96
4.89e-05,96
4.9e-05,96
4.91e-05,96
4.92e-05,96
4.93e-05,71
4.94e-05,45
4.95e-05,19
4.96e-05,0
4.97e-05,0
4.98e-05,-45
4.99e-05,-45
5e-05,-45
5.01e-05,-45
5.02e-05,-45
5.03e-05,0
5.04e-05,0
5.05e-05,19
5.06e-05,45
5.07e-05,96
5.08e-05,96
5.09e-05,96
5.1e-05,96
5.11e-05,96
5.12e-05,96
5.13e-05,45
5.14e-05,45
5.15e-05,45
5.16e-05,45
5.17e-05,96
5.18e-05,96
5.19e-05,96
5.2e-05,96
5.21e-05,96
5.22e-05,96
5.23e-05,45
5.24e-05,45
5.25e-05,19
5.26e-05,0
5.27e-05,0
5.28e-05,-19
5.29e-05,-45
5.3e-05,-71
5.31e-05,-96
5.32e-05,-96
5.33e-05,-96
5.34e-05,-96
5.35e-05,-96
5.36e-05,-96
5.37e-05,-96
5.38e-05,-96
5.39e-05,-96
5.4e-05,-71
5.41e-05,-45
5.42e-05,0
5.43e-05,0
5.44e-05,0
5.45e-05,45
5.46e-05,45
5.47e-05,96
5.48e-05,96
5.49e-05,96
5.5e-05,96
5.51e-05,96
5.52e-05,0
5.53e-05,0
5.54e-05,0
5.55e-05,0
5.56e-05,0
5.57e-05,0
5.58e-05,96
5.59e-05,96
5.6e-05,96
5.61e-05,96
5.62e-05,96
5.63e-05,45
5.64e-05,45
5.65e-05,45
5.66e-05,45
5.67e-05,45
5.68e-05,96
5.69e-05,96
5.7e-05,96
5.71e-05,96
5.72e-05,0
5.73e-05,0
5.74e-05,0
5.75e-05,0
5.76e-05,0
5.77e-05,0
5.78e-05,96
5.79e-05,96
5.8e-05,96
5.81e-05,96
5.82e-05,96
5.83e-05,0
5.84e-05,0
5.85e-05,-96
5.86e-05,-96
5.87e-05,-96
5.88e-05,-96
5.89e-05,-96
5.9e-05,-96
5.91e-05,-96
5.92e-05,-96
5.93e-05,-96
5.94e-05,-96
5.95e-05,-96
5.96e-05,-96
5.97e-05,-96
5.98e-05,-96
5.99e-05,-96
6e-05,-96
6.01e-05,-96
6.02e-05,-96
6.03e-05,-96
6.04e-05,-96
6.05e-05,-96
6.06e-05,0
6.07e-05,0
6.08e-05,96
6.09e-05,96
6.1e-05,96
6.11e-05,96
6.12e-05,96
6.13e-05,45
6.14e-05,45
6.15e-05,45
6.16e-05,45
6.17e-05,96
6.18e-05,96
6.19e-05,96
6.2e-05,96
6.21e-05,96
6.22e-05,96
6.23e-05,45
6.24e-05,45
6.25e-05,45
6.26e-05,45
6.27e-05,45
6.28e-05,96
6.29e-05,96
6.3e-05,96
6.31e-05,96
6.32e-05,0
6.33e-05,0
6.34e-05,0
6.35e-05,-96
6.36e-05,-96
6.37e-05,-96
6.38e-05,-96
6.39e-05,-96
6.4e-05,-45
6.41e-05,-45
6.42e-05,0
6.43e-05,0
6.44e-05,0
6.45e-05,0
6.46e-05,0
6.47e-05,0
6.48e-05,-45
6.49e-05,-45
6.5e-05,-71
6.51e-05,-96
6.52e-05,-96
6.53e-05,-96
6.54e-05,-96
6.55e-05,-96
6.56e-05,0
6.57e-05,0
6.58e-05,96
6.59e-05,96
6.6e-05,96
6.61e-05,96
6.62e-05,0
6.63e-05,0
6.64e-05,0
6.65e-05,0
6.66e-05,0
6.67e-05,0
6.68e-05,96
6.69e-05,96
6.7e-05,96
6.71e-05,96
6.72e-05,96
6.73e-05,0
6.74e-05,0
6.75e-05,-96
6.76e-05,-96
6.77e-05,-96
6.78e-05,-96
6.79e-05,-96
6.8e-05,-96
6.81e-05,-96
6.82e-05,-96
6.83e-05,-96
6.84e-05,-96
6.85e-05,-96
6.86e-05,-96
6.87e-05,-96
6.88e-05,-96
6.89e-05,-96
6.9e-05,-96
6.91e-05,-96
6.92e-05,-96
6.93e-05,-96
6.94e-05,-96
6.95e-05,-96
6.96e-05,0
6.97e-05,0
6.98e-05,96
6.99e-05,96
7e-05,96
7.01e-05,96
7.02e-05,96
7.03e-05,0
7.04e-05,0
7.05e-05,-96
7.06e-05,-96
7.07e-05,-96
7.08e-05,-96
7.09e-05,-96
7.1e-05,-96
7.11e-05,-96
7.12e-05,-96
7.13e-05,-96
7.14e-05,-96
7.15e-05,-96
7.16e-05,-96
7.17e-05,-96
7.18e-05,-96
7.19e-05,-96
7.2e-05,-71
7.21e-05,-45
7.22e-05,0
7.23e-05,0
7.24e-05,0
7.25e-05,0
7.26e-05,0
7.27e-05,0
7.28e-05,-45
7.29e-05,-45
7.3e-05,-71
7.31e-05,-96
7.32e-05,-96
7.33e-05,-96
7.34e-05,-96
7.35e-05,-96
7.36e-05,-96
7.37e-05,-96
7.38e-05,-96
7.39e-05,-96
7.4e-05,-71
7.41e-05,-45
7.42e-05,0
7.43e-05,0
7.44e-05,0
7.45e-05,0
7.46e-05,0
7.47e-05,0
7.48e-05,-45
7.49e-05,-45
7.5e-05,-45
7.51e-05,-45
7.52e-05,0
7.53e-05,0
7.54e-05,0
7.55e-05,0
7.56e-05,0
7.57e-05,0
7.58e-05,-45
7.59e-05,-45
7.6e-05,-71
7.61e-05,-96
7.62e-05,-96
7.63e-05,-96
7.64e-05,-96
7.65e-05,-96
7.66e-05,0
7.67e-05,0
7.68e-05,96
7.69e-05,96
7.7e-05,96
7.71e-05,96
7.72e-05,96
7.73e-05,71
7.74e-05,45
7.75e-05,19
7.76e-05,0
7.77e-05,0
7.78e-05,-19
7.79e-05,-45
7.8e-05,-71
7.81e-05,-96
7.82e-05,-96
7.83e-05,-96
7.84e-05,-96
7.85e-05,-96
7.86e-05,-96
7.87e-05,-96
7.88e-05,-96
7.89e-05,-96
7.9e-05,-96
7.91e-05,-96
7.92e-05,-96
7.93e-05,-96
7.94e-05,-96
7.95e-05,-96
7.96e-05,0
7.97e-05,0
7.98e-05,96
7.99e-05,96
8e-05,96
8.01e-05,96
8.02e-05,96
8.03e-05,0
8.04e-05,0
8.05e-05,-96
8.06e-05,-96
8.07e-05,-96
8.08e-05,-96
8.09e-05,-96
8.1e-05,-96
8.11e-05,-96
8.12e-05,-96
8.13e-05,-96
8.14e-05,-96
8.15e-05,-96
8.16e-05,0
8.17e-05,0
8.18e-05,96
8.19e-05,96
8.2e-05,96
8.21e-05,96
8.22e-05,96
8.23e-05,45
8.24e-05,45
8.25e-05,45
8.26e-05,45
8.27e-05,96
8.28e-05,96
8.29e-05,96
8.3e-05,96
8.31e-05,96
8.32e-05,96
8.33e-05,45
8.34e-05,45
8.35e-05,19
8.36e-05,0
8.37e-05,0
8.38e-05,-45
8.39e-05,-45
8.4e-05,-45
8.41e-05,-45
8.42e-05,-45
8.43e-05,0
8.44e-05,0
8.45e-05,19
8.46e-05,45
8.47e-05,96
8.48e-05,96
8.49e-05,96
8.5e-05,96
8.51e-05,96
8.52e-05,0
8.53e-05,0
8.54e-05,0
8.55e-05,0
8.56e-05,0
8.57e-05,0
8.58e-05,96
8.59e-05,96
8.6e-05,96
8.61e-05,96
8.62e-05,96
8.63e-05,71
8.64e-05,45
8.65e-05,19
8.66e-05,0
8.67e-05,0
8.68e-05,-19
8.69e-05,-45
8.7e-05,-71
8.71e-05,-96
8.72e-05,-96
8.73e-05,-96
8.74e-05,-96
8.75e-05,-96
8.76e-05,0
8.77e-05,0
8.78e-05,96
8.79e-05,96
8.8e-05,96
8.81e-05,96
8.82e-05,96
8.83e-05,0
8.84e-05,0
8.85e-05,-96
8.86e-05,-96
8.87e-05,-96
8.88e-05,-96
8.89e-05,-96
8.9e-05,-45
8.91e-05,-45
8.92e-05,0
8.93e-05,0
8.94e-05,0
8.95e-05,0
8.96e-05,0
8.97e-05,0
8.98e-05,-45
8.99e-05,-45
9e-05,-45
9.01e-05,-45
9.02e-05,0
9.03e-05,0
9.04e-05,0
9.05e-05,0
9.06e-05,0
9.07e-05,0
9.08e-05,-45
9.09e-05,-45
9.1e-05,-71
9.11e-05,-96
9.12e-05,-96
9.13e-05,-96
9.14e-05,-96
9.15e-05,-96
9.16e-05,-96
9.17e-05,-96
9.18e-05,-96
9.19e-05,-96
9.2e-05,-71
9.21e-05,-45
9.22e-05,0
9.23e-05,0
9.24e-05,0
9.25e-05,0
9.26e-05,0
9.27e-05,0
9.28e-05,-45
9.29e-05,-45
9.3e-05,-71
9.31e-05,-96
9.32e-05,-96
9.33e-05,-96
9.34e-05,-96
9.35e-05,-96
9.36e-05,-96
9.37e-05,-96
9.38e-05,-96
9.39e-05,-96
9.4e-05,-96
9.41e-05,-96
9.42e-05,-96
9.43e-05,-96
9.44e-05,-96
9.45e-05,-96
9.46e-05,-96
9.47e-05,-96
9.48e-05,-96
9.49e-05,-96
9.5e-05,-71
9.51e-05,-45
9.52e-05,0
9.53e-05,0
9.54e-05,0
9.55e-05,0
9.56e-05,0
9.57e-05,0
9.58e-05,-45
9.59e-05,-45
9.6e-05,-71
9.61e-05,-96
9.62e-05,-96
9.63e-05,-96
9.64e-05,-96
9.65e-05,-96
9.66e-05,0
9.67e-05,0
9.68e-05,96
9.69e-05,96
9.7e-05,96
9.71e-05,96
9.72e-05,96
9.73e-05,45
9.74e-05,45
9.75e-05,45
9.76e-05,45
9.77e-05,96
9.78e-05,96
9.79e-05,96
9.8e-05,96
9.81e-05,96
9.82e-05,96
9.83e-05,45
9.84e-05,45
9.85e-05,45
9.86e-05,45
9.87e-05,96
9.88e-05,96
9.89e-05,96
9.9e-05,96
9.91e-05,96
9.92e-05,96
9.93e-05,45
9.94e-05,45
9.95e-05,19
9.96e-05,0
9.97e-05,0
9.98e-05,-45
9.99e-05,-45
0.0001,-45
0.0001001,-45
0.0001002,0
0.0001003,0
0.0001004,0
0.0001005,0
0.0001006,0
0.0001007,0
0.0001008,-45
0.0001009,-45
0.000101,-71
0.0001011,-96
0.0001012,-96
0.0001013,-96
0.0001014,-96
0.0001015,-96
0.0001016,0
0.0001017,0
0.0001018,96
0.0001019,96
0.000102,96
0.0001021,96
0.0001022,96
0.0001023,71
0.0001024,45
0.0001025,19
0.0001026,0
0.0001027,0
0.0001028,-45
0.0001029,-45
0.000103,-45
0.0001031,-45
0.0001032,0
0.0001033,0
0.0001034,0
0.0001035,0
0.0001036,0
0.0001037,0
0.0001038,-45
0.0001039,-45
0.000104,-71
0.0001041,-96
0.0001042,-96
0.0001043,-96
0.0001044,-96
0.0001045,-96
0.0001046,0
0.0001047,0
0.0001048,96
0.0001049,96
0.000105,96
0.0001051,96
0.0001052,96
0.0001053,0
0.0001054,0
0.0001055,-96
0.0001056,-96
0.0001057,-96
0.0001058,-96
0.0001059,-96
0.000106,-96
0.0001061,-96
0.0001062,-96
0.0001063,-96
0.0001064,-96
0.0001065,-96
0.0001066,0
0.0001067,0
0.0001068,96
0.0001069,96
0.000107,96
0.0001071,96
0.0001072,0
0.0001073,0
0.0001074,0
0.0001075,0
0.0001076,0
0.0001077,0
0.0001078,96
0.0001079,96
0.000108,96
0.0001081,96
0.0001082,96
0.0001083,0
0.0001084,0
0.0001085,-96
0.0001086,-96
0.0001087,-96
0.0001088,-96
0.0001089,-96
0.000109,-45
0.0001091,-45
0.0001092,0
0.0001093,0
0.0001094,0
0.0001095,45
0.0001096,45
0.0001097,96
0.0001098,96
0.0001099,96
0.00011,96
0.0001101,96
0.0001102,96
0.0001103,45
0.0001104,45
0.0001105,19
0.0001106,0
0.0001107,0
0.0001108,-45
0.0001109,-45
0.000111,-45
0.0001111,-45
0.0001112,0
0.0001113,0
0.0001114,0
0.0001115,0
0.0001116,0
0.0001117,0
0.0001118,-45
0.0001119,-45
0.000112,-45
0.0001121,-45
0.0001122,-45
0.0001123,0
0.0001124,0
0.0001125,19
0.0001126,45
0.0001127,96
0.0001128,96
0.0001129,96
0.000113,96
0.0001131,96
0.0001132,0
0.0001133,0
0.0001134,0
0.0001135,0
0.0001136,0
0.0001137,0
0.0001138,96
0.0001139,96
0.000114,96
0.0001141,96
0.0001142,96
0.0001143,71
0.0001144,45
0.0001145,19
0.0001146,0
0.0001147,0
0.0001148,-19
0.0001149,-45
0.000115,-71
0.0001151,-96
0.0001152,-96
0.0001153,-96
0.0001154,-96
0.0001155,-96
0.0001156,0
0.0001157,0
0.0001158,96
0.0001159,96
0.000116,96
0.0001161,96
0.0001162,0
0.0001163,0
0.0001164,0
0.0001165,0
0.0001166,0
0.0001167,0
0.0001168,96
0.0001169,96
0.000117,96
0.0001171,96
0.0001172,0
0.0001173,0
0.0001174,0
0.0001175,0
0.0001176,0
0.0001177,0
0.0001178,96
0.0001179,96
0.000118,96
0.0001181,96
0.0001182,96
0.0001183,71
0.0001184,45
0.0001185,19
0.0001186,0
0.0001187,0
0.0001188,-19
0.0001189,-45
0.000119,-71
0.0001191,-96
0.0001192,-96
0.0001193,-96
0.0001194,-96
0.0001195,-96
0.0001196,-96
0.0001197,-96
0.0001198,-96
0.0001199,-96
0.00012,-96
0.0001201,-96
0.0001202,-96
0.0001203,-96
0.0001204,-96
0.0001205,-96
0.0001206,0
0.0001207,0
0.0001208,96
0.0001209,96
0.000121,96
0.0001211,96
0.0001212,96
0.0001213,45
0.0001214,45
0.0001215,45
0.0001216,45
0.0001217,45
0.0001218,96
0.0001219,96
0.000122,96
0.0001221,96
0.0001222,0
0.0001223,0
0.0001224,0
0.0001225,-96
0.0001226,-96
0.0001227,-96
0.0001228,-96
0.0001229,-96
0.000123,-45
0.0001231,-45
0.0001232,0
0.0001233,0
0.0001234,0
0.0001235,0
0.0001236,0
0.0001237,0
0.0001238,-45
0.0001239,-45
0.000124,-71
0.0001241,-96
0.0001242,-96
0.0001243,-96
0.0001244,-96
0.0001245,-96
0.0001246,-96
0.0001247,-96
0.0001248,-96
0.0001249,-96
0.000125,-71
0.0001251,-45
0.0001252,0
0.0001253,0
0.0001254,0
0.0001255,0
0.0001256,0
0.0001257,0
0.0001258,-45
0.0001259,-45
0.000126,-71
0.0001261,-96
0.0001262,-96
0.0001263,-96
0.0001264,-96
0.0001265,-96
0.0001266,0
0.0001267,0
0.0001268,96
0.0001269,96
0.000127,96
0.0001271,96
0.0001272,96
0.0001273,0
0.0001274,0
0.0001275,-96
0.0001276,-96
0.0001277,-96
0.0001278,-96
0.0001279,-96
0.000128,-45
0.0001281,-45
0.0001282,0
0.0001283,0
0.0001284,0
0.0001285,45
0.0001286,45
0.0001287,96
0.0001288,96
0.0001289,96
0.000129,96
0.0001291,96
0.0001292,96
0.0001293,45
0.0001294,45
0.0001295,45
0.0001296,45
0.0001297,45
0.0001298,96
0.0001299,96
0.00013,96
0.0001301,96
0.0001302,0
0.0001303,0
0.0001304,0
0.0001305,0
0.0001306,0
0.0001307,0
0.0001308,96
0.0001309,96
0.000131,96
0.0001311,96
0.0001312,96
0.0001313,0
0.0001314,0
0.0001315,-96
0.0001316,-96
0.0001317,-96
0.0001318,-96
0.0001319,-96
0.000132,-45
0.0001321,-45
0.0001322,0
0.0001323,0
0.0001324,0
0.0001325,0
0.0001326,0
0.0001327,0
0.0001328,-45
0.0001329,-45
0.000133,-45
0.0001331,-45
0.0001332,-45
0.0001333,0
0.0001334,0
0.0001335,19
0.0001336,45
0.0001337,96
0.0001338,96
0.0001339,96
0.000134,96
0.0001341,96
0.0001342,96
0.0001343,45
0.0001344,45
0.0001345,45
0.0001346,45
0.0001347,96
0.0001348,96
0.0001349,96
0.000135,96
0.0001351,96
0.0001352,96
0.0001353,45
0.0001354,45
0.0001355,45
0.0001356,45
0.0001357,45
0.0001358,96
0.0001359,96
0.000136,96
0.0001361,96
0.0001362,0
0.0001363,0
0.0001364,0
0.0001365,0
0.0001366,0
0.0001367,0
0.0001368,96
0.0001369,96
0.000137,96
0.0001371,96
0.0001372,96
0.0001373,45
0.0001374,45
0.0001375,45
0.0001376,45
0.0001377,45
0.0001378,96
0.0001379,96
0.000138,96
0.0001381,96
0.0001382,0
0.0001383,0
0.0001384,0
0.0001385,0
0.0001386,0
0.0001387,0
0.0001388,96
0.0001389,96
0.000139,96
0.0001391,96
0.0001392,96
0.0001393,45
0.0001394,45
0.0001395,45
0.0001396,45
0.0001397,45
0.0001398,96
0.0001399,96
0.00014,96
0.0001401,96
0.0001402,0
0.0001403,0
0.0001404,0
0.0001405,-96
0.0001406,-96
0.0001407,-96
0.0001408,-96
0.0001409,-96
0.000141,-45
0.0001411,-45
0.0001412,0
0.0001413,0
0.0001414,0
0.0001415,45
0.0001416,45
0.0001417,96
0.0001418,96
0.0001419,96
0.000142,96
0.0001421,96
0.0001422,96
0.0001423,45
0.0001424,45
0.0001425,19
0.0001426,0
0.0001427,0
0.0001428,-45
0.0001429,-45
0.000143,-45
0.0001431,-45
0.0001432,-45
0.0001433,0
0.0001434,0
0.0001435,19
0.0001436,45
0.0001437,96
0.0001438,96
0.0001439,96
0.000144,96
0.0001441,96
0.0001442,0
0.0001443,0
0.0001444,0
0.0001445,-96
0.0001446,-96
0.0001447,-96
0.0001448,-96
0.0001449,-96
0.000145,-96
0.0001451,-96
0.0001452,-96
0.0001453,-96
0.0001454,-96
0.0001455,-96
0.0001456,0
0.0001457,0
0.0001458,96
0.0001459,96
0.000146,96
0.0001461,96
0.0001462,0
0.0001463,0
0.0001464,0
0.0001465,0
0.0001466,0
0.0001467,0
0.0001468,96
0.0001469,96
0.000147,96
0.0001471,96
0.0001472,96
0.0001473,45
0.0001474,45
0.0001475,45
0.0001476,45
0.0001477,45
0.0001478,96
0.0001479,96
0.000148,96
0.0001481,96
0.0001482,0
0.0001483,0
0.0001484,0
0.0001485,-96
0.0001486,-96
0.0001487,-96
0.0001488,-96
0.0001489,-96
0.000149,-45
0.0001491,-45
0.0001492,0
0.0001493,0
0.0001494,0
0.0001495,45
0.0001496,45
0.0001497,96
0.0001498,96
0.0001499,96
0.00015,96
0.0001501,96
0.0001502,96
0.0001503,45
0.0001504,45
0.0001505,19
0.0001506,0
0.0001507,0
0.0001508,-45
0.0001509,-45
0.000151,-45
0.0001511,-45
0.0001512,0
0.0001513,0
0.0001514,0
0.0001515,0
0.0001516,0
0.0001517,0
0.0001518,-45
0.0001519,-45
0.000152,-45
0.0001521,-45
0.0001522,0
0.0001523,0
0.0001524,0
0.0001525,0
0.0001526,0
0.0001527,0
0.0001528,-45
0.0001529,-45
0.000153,-45
0.0001531,-45
0.0001532,-45
0.0001533,0
0.0001534,0
0.0001535,19
0.0001536,45
0.0001537,96
0.0001538,96
0.0001539,96
0.000154,96
0.0001541,96
0.0001542,0
0.0001543,0
0.0001544,0
0.0001545,-96
0.0001546,-96
0.0001547,-96
0.0001548,-96
0.0001549,-96
0.000155,-45
0.0001551,-45
0.0001552,0
0.0001553,0
