0
0
0
0
0
0
0
0
0
0
0
0
0
0
0
0
0
0
0
0
0
0
0
0
0
0
0
-5
-1
-1
-2
-8
-5
-1
-2
0
0
2
5
8
10
14
16
22
24
28
30
36
38
42
45
48
52
53
57
60
60
61
61
61
60
57
54
52
48
45
42
38
36
30
26
22
16
14
10
9
8
2
1
0
-1
-2
-2
-2
-2
0
0
2
5
8
10
14
16
22
24
28
30
36
38
42
45
48
52
53
57
60
60
61
61
61
60
57
54
52
48
45
42
38
36
30
26
22
16
14
10
9
8
2
1
0
-1
-2
-2
-2
-2
0
0
2
5
8
10
14
16
22
24
28
30
36
38
42
46
48
53
57
62
66
68
74
76
80
85
88
91
92
98
104
105
106
112
114
118
123
127
132
134
136
138
142
144
147
150
151
151
151
151
150
150
144
142
138
136
133
128
126
120
118
112
109
105
104
100
95
92
89
88
82
80
76
74
68
64
62
54
52
48
45
42
37
36
28
26
22
16
14
10
9
8
2
1
0
-1
-2
-2
-2
-2
0
0
2
5
8
10
14
16
22
24
28
30
36
38
42
45
48
52
53
57
60
60
61
61
61
60
57
54
52
48
45
42
38
36
30
26
22
16
14
10
9
8
2
1
0
-1
-2
-2
-2
-2
0
0
2
5
8
10
14
16
22
24
28
30
36
38
42
46
48
53
57
62
66
68
74
76
80
85
88
91
92
98
104
105
106
112
114
118
123
127
132
134
136
138
142
147
152
156
158
164
165
170
172
178
180
-178
-172
-170
-166
-164
-158
-156
-152
-147
-144
-142
-137
-134
-132
-128
-126
-119
-116
-113
-109
-106
-100
-98
-95
-92
-88
-82
-81
-76
-75
-68
-67
-64
-60
-54
-52
-48
-45
-43
-42
-37
-36
-33
-30
-30
-30
-30
-30
-36
-37
-38
-43
-46
-48
-52
-57
-62
-66
-68
-74
-76
-80
-82
-88
-89
-92
-98
-99
-104
-105
-109
-112
-116
-119
-126
-128
-132
-135
-138
-142
-144
-152
-154
-158
-161
-166
-166
-170
-172
-178
-178
-179
180
180
179
179
180
180
-179
-178
-172
-171
-166
-166
-161
-158
-154
-151
-150
-144
-142
-137
-134
-132
-127
-123
-118
-114
-112
-106
-104
-100
-98
-92
-90
-88
-82
-80
-76
-74
-68
-67
-64
-60
-54
-52
-48
-45
-43
-42
-37
-36
-33
-30
-30
-30
-30
-30
-36
-37
-38
-43
-46
-48
-52
-57
-62
-66
-68
-74
-76
-80
-82
-85
-88
-89
-90
-90
-92
-92
-92
-92
-91
-90
-88
-82
-82
-80
-76
-74
-68
-66
-62
-60
-54
-52
-48
-46
-43
-38
-38
-36
-33
-30
-30
-30
-30
-30
-36
-37
-38
-43
-46
-48
-52
-57
-62
-66
-68
-74
-76
-80
-82
-88
-89
-92
-98
-99
-104
-105
-109
-112
-116
-119
-126
-128
-132
-135
-138
-142
-144
-152
-154
-158
-161
-166
-166
-170
-172
-178
-178
-179
180
180
179
179
180
180
-179
-178
-172
-171
-166
-166
-161
-158
-154
-151
-150
-144
-142
-137
-135
-132
-128
-127
-126
-120
-120
-120
-120
-120
-120
-123
-126
-128
-132
-135
-138
-142
-144
-150
-154
-158
-161
-166
-166
-171
-172
-178
180
178
172
170
166
164
158
156
152
147
143
138
136
132
128
126
120
118
112
109
105
104
100
95
92
89
88
82
80
76
74
68
64
62
54
52
48
45
42
37
36
28
26
22
16
14
10
8
2
1
-2
-5
-10
-12
-15
-19
-22
-28
-30
-36
-38
-42
-46
-48
-53
-57
-62
-66
-68
-74
-76
-80
-82
-85
-88
-89
-90
-90
-92
-92
-92
-92
-91
-90
-88
-82
-82
-80
-76
-74
-68
-66
-62
-60
-54
-52
-48
-46
-43
-38
-38
-36
-33
-30
-30
-30
-30
-30
-36
-37
-38
-43
-46
-48
-52
-57
-62
-66
-68
-74
-76
-80
-82
-88
-89
-92
-98
-99
-104
-105
-109
-112
-116
-119
-126
-128
-132
-135
-138
-142
-144
-152
-154
-158
-161
-166
-166
-171
-172
-178
180
178
172
170
166
164
158
156
152
147
143
138
136
132
128
126
120
118
112
109
105
104
100
98
92
92
91
90
89
90
90
89
90
91
92
98
100
104
105
109
112
116
118
123
127
132
134
136
138
142
144
147
150
150
151
151
151
150
150
144
142
138
136
133
128
126
120
118
112
109
105
104
100
98
92
92
91
90
89
90
90
89
90
91
92
98
100
104
105
109
112
116
118
123
127
132
134
136
138
142
144
147
150
150
151
151
151
150
150
144
142
138
136
133
128
126
120
118
112
109
105
104
100
95
92
89
88
82
80
76
74
68
64
62
54
52
48
45
42
37
36
28
26
22
16
14
10
9
8
2
1
0
-1
-2
-2
-2
-2
0
0
2
5
8
10
14
16
22
24
28
30
36
38
42
46
48
53
57
62
66
68
74
76
80
85
88
91
92
98
104
105
106
112
114
118
123
127
132
134
136
138
142
144
147
150
151
151
151
151
150
150
144
142
138
136
133
128
126
120
118
112
109
105
104
100
98
92
92
91
90
89
90
90
89
90
91
92
98
100
104
105
109
112
116
118
123
127
132
134
136
138
144
150
152
156
158
164
168
170
172
178
-179
-178
-172
-170
-166
-164
-158
-156
-152
-147
-144
-142
-137
-134
-132
-128
-126
-126
-120
-120
-120
-120
-120
-120
-123
-126
-128
-132
-135
-138
-142
-144
-150
-154
-158
-161
-166
-166
-170
-172
-178
-178
-179
180
180
179
179
180
180
-179
-178
-172
-171
-166
-166
-161
-158
-154
-151
-150
-144
-142
-137
-135
-132
-128
-127
-126
-120
-120
-120
-120
-120
-120
-123
-126
-128
-132
-135
-138
-142
-144
-150
-154
-158
-161
-166
-166
-170
-172
-178
-178
-179
180
180
179
179
180
180
-179
-178
-172
-171
-166
-166
-161
-158
-154
-151
-150
-144
-142
-137
-134
-132
-127
-123
-118
-114
-112
-106
-104
-100
-98
-92
-90
-88
-82
-80
-76
-74
-68
-67
-64
-60
-54
-52
-48
-45
-42
-38
-36
-30
-28
-24
-19
-16
-14
-8
-8
0
2
8
10
14
16
22
24
28
30
36
38
42
46
48
52
54
57
60
61
61
61
61
60
57
54
52
48
45
42
38
36
30
26
22
16
14
10
8
2
1
-2
-5
-10
-12
-15
-19
-22
-28
-30
-36
-38
-42
-46
-48
-53
-57
-62
-66
-68
-74
-76
-80
-82
-88
-89
-92
-98
-99
-104
-105
-109
-112
-116
-119
-126
-128
-132
-135
-138
-142
-144
-152
-154
-158
-161
-166
-166
-171
-172
-178
180
178
172
170
166
164
158
156
152
147
143
138
136
132
128
126
120
118
112
109
105
104
100
98
92
92
91
90
89
90
90
89
90
91
92
98
100
104
105
109
112
116
118
123
127
132
134
136
138
142
144
147
150
150
151
151
151
150
150
144
142
138
136
133
128
126
120
118
112
109
105
104
100
98
92
92
91
90
89
90
90
89
90
91
92
98
100
104
105
109
112
116
118
123
127
132
134
136
138
142
144
147
150
150
151
151
151
150
150
144
142
138
136
133
128
126
120
118
112
109
105
104
100
98
92
92
91
90
89
90
90
89
90
91
92
98
100
104
105
109
112
116
118
123
127
132
134
136
138
142
144
147
150
150
151
151
151
150
150
144
142
138
136
133
128
126
120
118
112
109
105
104
100
98
92
92
91
90
89
90
90
89
90
91
92
98
100
104
105
109
112
116
118
123
127
132
134
136
138
144
150
152
156
158
164
168
170
172
178
-179
-178
-172
-170
-166
-164
-158
-156
-152
-147
-144
-142
-137
-134
-132
-128
-126
-119
-116
-113
-109
-106
-100
-98
-95
-92
-88
-82
-81
-76
-75
-68
-67
-64
-60
-54
-52
-48
-45
-43
-42
-37
-36
-33
-30
-30
-30
-30
-30
-36
-37
-38
-43
-46
-48
-52
-57
-62
-66
-68
-74
-76
-80
-82
-85
-88
-89
-90
-90
-92
-92
-92
-92
-91
-90
-88
-82
-82
-80
-76
-74
-68
-66
-62
-60
-54
-52
-48
-45
-42
-38
-36
-28
-26
-22
-16
-14
-10
-8
-2
0
2
8
10
14
16
22
24
28
30
36
38
42
46
48
52
54
62
64
67
74
75
80
82
88
90
92
98
100
104
106
112
114
118
123
127
132
134
136
138
142
147
152
156
158
164
165
170
172
178
180
-178
-172
-170
-166
-164
-158
-156
-152
-147
-144
-142
-137
-134
-132
-128
-126
-119
-116
-113
-109
-106
-100
-98
-95
-92
-88
-82
-81
-76
-75
-68
-67
-64
-60
-54
-52
-48
-45
-43
-42
-37
-36
-33
-30
-30
-30
-30
-30
-36
-37
-38
-43
-46
-48
-52
-57
-62
-66
-68
-74
-76
-80
-82
-88
-89
-92
-98
-99
-104
-105
-109
-112
-116
-119
-126
-128
-132
-135
-138
-142
-144
-152
-154
-158
-161
-166
-166
-171
-172
-178
180
178
172
170
166
164
158
156
152
147
143
138
136
132
128
126
120
118
112
109
105
104
100
98
92
92
91
90
89
90
90
89
90
91
92
98
100
104
105
109
112
116
118
123
127
132
134
136
138
144
150
152
156
158
164
168
170
172
178
-179
-178
-172
-170
-166
-164
-158
-156
-152
-147
-144
-142
-137
-134
-132
-128
-126
-126
-120
-120
-120
-120
-120
-120
-123
-126
-128
-132
-135
-138
-142
-144
-150
-154
-158
-161
-166
-166
-170
-172
-178
-178
-179
180
180
179
179
180
180
-179
-178
-172
-171
-166
-166
-161
-158
-154
-151
-150
-144
-142
-137
-134
-132
-127
-123
-118
-114
-112
-106
-104
-100
-98
-92
-90
-88
-82
-80
-76
-74
-68
-67
-64
-60
-54
-52
-48
-45
-43
-42
-37
-36
-33
-30
-30
-30
-30
-30
-36
-37
-38
-43
-46
-48
-52
-57
-62
-66
-68
-74
-76
-80
-82
-85
-88
-89
-90
-90
-92
-92
-92
-92
-91
-90
-88
-82
-82
-80
-76
-74
-68
-66
-62
-60
-54
-52
-48
-45
-42
-38
-36
-28
-26
-22
-16
-14
-10
-8
-2
0
2
8
10
14
16
22
24
28
30
36
38
42
46
48
52
54
57
60
61
61
61
61
60
57
54
52
48
45
42
38
36
30
26
22
16
14
10
9
8
2
1
0
-1
-2
-2
-2
-2
0
0
2
5
8
10
14
16
22
24
28
30
36
38
42
46
48
53
57
62
66
68
74
76
80
85
88
91
92
98
104
105
106
112
114
118
123
127
132
134
136
138
142
147
152
156
158
164
165
170
172
178
180
-178
-172
-170
-166
-164
-158
-156
-152
-147
-144
-142
-137
-134
-132
-128
-126
-119
-116
-113
-109
-106
-100
-98
-95
-92
-88
-82
-81
-76
-75
-68
-67
-64
-60
-54
-52
-48
-45
-42
-38
-36
-30
-28
-24
-19
-16
-14
-8
-8
0
2
8
10
14
16
22
24
28
30
36
38
42
46
48
52
54
62
64
67
74
75
80
82
88
90
92
98
100
104
106
112
114
118
123
127
132
134
136
138
142
144
147
150
151
151
151
151
150
150
144
142
138
136
133
128
126
120
118
112
109
105
104
100
98
92
92
91
90
89
90
90
89
90
91
92
98
100
104
105
109
112
116
118
123
127
132
134
136
138
142
144
147
150
150
151
151
151
150
150
144
142
138
136
133
128
126
120
118
112
109
105
104
100
95
92
89
88
82
80
76
74
68
64
62
54
52
48
45
42
37
36
28
26
22
16
14
10
9
8
2
1
0
-1
-2
-2
-2
-2
0
0
2
5
8
10
14
16
22
24
28
30
36
38
42
46
48
53
57
62
66
68
74
76
80
85
88
91
92
98
104
105
106
112
114
118
123
127
132
134
136
138
142
144
147
150
151
151
151
151
150
150
144
142
138
136
133
128
126
120
118
112
109
105
104
100
95
92
89
88
82
80
76
74
68
64
62
54
52
48
45
42
37
36
28
26
22
16
14
10
9
8
2
1
0
-1
-2
-2
-2
-2
0
0
2
5
8
10
14
16
22
24
28
30
36
38
42
45
48
52
53
57
60
60
61
61
61
60
57
54
52
48
45
42
38
36
30
26
22
16
14
10
8
2
1
-2
-5
-10
-12
-15
-19
-22
-28
-30
-36
-38
-42
-46
-48
-53
-57
-62
-66
-68
-74
-76
-80
-82
-85
-88
-89
-90
-90
-92
-92
-92
-92
-91
-90
-88
-82
-82
-80
-76
-74
-68
-66
-62
-60
-54
-52
-48
-46
-43
-38
-38
-36
-33
-30
-30
-30
-30
-30
-36
-37
-38
-43
-46
-48
-52
-57
-62
-66
-68
-74
-76
-80
-82
-88
-89
-92
-98
-99
-104
-105
-109
-112
-116
-119
-126
-128
-132
-135
-138
-142
-144
-152
-154
-158
-161
-166
-166
-171
-172
-178
180
178
172
170
166
164
158
156
152
147
143
138
136
132
128
126
120
118
112
109
105
104
100
98
92
92
91
90
89
90
90
89
90
91
92
98
100
104
105
109
112
116
118
123
127
132
134
136
138
144
150
152
156
158
164
168
170
172
178
-179
-178
-172
-170
-166
-164
-158
-156
-152
-147
-144
-142
-137
-134
-132
-128
-126
-126
-120
-120
-120
-120
-120
-120
-123
-126
-128
-132
-135
-138
-142
-144
-150
-154
-158
-161
-166
-166
-170
-172
-178
-178
-179
180
180
179
179
180
180
-179
-178
-172
-171
-166
-166
-161
-158
-154
-151
-150
-144
-142
-137
-135
-132
-128
-127
-126
-120
-120
-120
-120
-120
-120
-123
-126
-128
-132
-135
-138
-142
-144
-150
-154
-158
-161
-166
-166
-171
-172
-178
180
178
172
170
166
164
158
156
152
147
143
138
136
132
128
126
120
118
112
109
105
104
100
95
92
89
88
82
80
76
74
68
64
62
54
52
48
45
42
37
36
28
26
22
16
14
10
9
8
2
1
0
-1
-2
-2
-2
-2
0
0
2
5
8
10
14
16
22
24
28
30
36
38
42
46
48
53
57
62
66
68
74
76
80
85
88
91
92
98
104
105
106
112
114
118
123
127
132
134
136
138
142
147
152
156
158
164
165
170
172
178
180
-178
-172
-170
-166
-164
-158
-156
-152
-147
-144
-142
-137
-134
-132
-128
-126
-119
-116
-113
-109
-106
-100
-98
-95
-92
-88
-82
-81
-76
-75
-68
-67
-64
-60
-54
-52
-48
-45
-43
-42
-37
-36
-33
-30
-30
-30
-30
-30
-36
-37
-38
-43
-46
-48
-52
-57
-62
-66
-68
-74
-76
-80
-82
-88
-89
-92
-98
-99
-104
-105
-109
-112
-116
-119
-126
-128
-132
-135
-138
-142
-144
-152
-154
-158
-161
-166
-166
-170
-172
-178
-178
-179
180
180
179
179
180
180
-179
-178
-172
-171
-166
-166
-161
-158
-154
-151
-150
-144
-142
-137
-134
-132
-127
-123
-118
-114
-112
-106
-104
-100
-98
-92
-90
-88
-82
-80
-76
-74
-68
-67
-64
-60
-54
-52
-48
-45
-43
-42
-37
-36
-33
-30
-30
-30
-30
-30
-36
-37
-38
-43
-46
-48
-52
-57
-62
-66
-68
-74
-76
-80
-82
-85
-88
-89
-90
-90
-92
-92
-92
-92
-91
-90
-88
-82
-82
-80
-76
-74
-68
-66
-62
-60
-54
-52
-48
-45
-42
-38
-36
-28
-26
-22
-16
-14
-10
-8
-2
0
2
8
10
14
16
22
24
28
30
36
38
42
46
48
52
54
57
60
61
61
61
61
60
57
54
52
48
45
42
38
36
30
26
22
16
14
10
9
8
2
1
0
-1
-2
-2
-2
-2
0
0
2
5
8
10
14
16
22
24
28
30
36
38
42
45
48
52
53
57
60
60
61
61
61
60
57
54
52
48
45
42
38
36
30
26
22
16
14
10
8
2
1
-2
-5
-10
-12
-15
-19
-22
-28
-30
-36
-38
-42
-46
-48
-53
-57
-62
-66
-68
-74
-76
-80
-82
-88
-89
-92
-98
-99
-104
-105
-109
-112
-116
-119
-126
-128
-132
-135
-138
-142
-144
-152
-154
-158
-161
-166
-166
-170
-172
-178
-178
-179
180
180
179
179
180
180
-179
-178
-172
-171
-166
-166
-161
-158
-154
-151
-150
-144
-142
-137
-135
-132
-128
-127
-126
-120
-120
-120
-120
-120
-120
-123
-126
-128
-132
-135
-138
-142
-144
-150
-154
-158
-161
-166
-166
-170
-172
-178
-178
-179
180
180
179
179
180
180
-179
-178
-172
-171
-166
-166
-161
-158
-154
-151
-150
-144
-142
-137
-134
-132
-127
-123
-118
-114
-112
-106
-104
-100
-98
-92
-90
-88
-82
-80
-76
-74
-68
-67
-64
-60
-54
-52
-48
-45
-42
-38
-36
-30
-28
-24
-19
-16
-14
-8
-8
0
2
8
10
14
16
22
24
28
30
36
38
42
46
48
52
54
62
64
67
74
75
80
82
88
90
92
98
100
104
106
112
114
118
123
127
132
134
136
138
142
144
147
150
151
151
151
151
150
150
144
142
138
136
133
128
126
120
118
112
109
105
104
100
95
92
89
88
82
80
76
74
68
64
62
54
52
48
45
42
37
36
28
26
22
16
14
10
8
2
1
-2
-5
-10
-12
-15
-19
-22
-28
-30
-36
-38
-42
-46
-48
-53
-57
-62
-66
-68
-74
-76
-80
-82
-85
-88
-89
-90
-90
-92
-92
-92
-92
-91
-90
-88
-82
-82
-80
-76
-74
-68
-66
-62
-60
-54
-52
-48
-46
-43
-38
-38
-36
-33
-30
-30
-30
-30
-30
-36
-37
-38
-43
-46
-48
-52
-57
-62
-66
-68
-74
-76
-80
-82
-85
-88
-89
-90
-90
-92
-92
-92
-92
-91
-90
-88
-82
-82
-80
-76
-74
-68
-66
-62
-60
-54
-52
-48
-45
-42
-38
-36
-28
-26
-22
-16
-14
-10
-8
-2
0
2
8
10
14
16
22
24
28
30
36
38
42
46
48
52
54
57
60
61
61
61
61
60
57
54
52
48
45
42
38
36
30
26
22
16
14
10
9
8
2
1
0
-1
-2
-2
-2
-2
0
0
2
5
8
10
14
16
22
24
28
30
36
38
42
45
48
52
53
57
60
60
61
61
61
60
57
54
52
48
45
42
38
36
30
26
22
16
14
10
8
2
1
-2
-5
-10
-12
-15
-19
-22
-28
-30
-36
-38
-42
-46
-48
-53
-57
-62
-66
-68
-74
-76
-80
-82
-85
-88
-89
-90
-90
-92
-92
-92
-92
-91
-90
-88
-82
-82
-80
-76
-74
-68
-66
-62
-60
-54
-52
-48
-45
-42
-38
-36
-28
-26
-22
-16
-14
-10
-8
-2
0
2
8
10
14
16
22
24
28
30
36
38
42
46
48
52
54
57
60
61
61
61
61
60
57
54
52
48
45
42
38
36
30
26
22
16
14
10
9
8
2
1
0
-1
-2
-2
-2
-2
0
0
2
5
8
10
14
16
22
24
28
30
36
38
42
46
48
53
57
62
66
68
74
76
80
85
88
91
92
98
104
105
106
112
114
118
123
127
132
134
136
138
142
144
147
150
151
151
151
151
150
150
144
142
138
136
133
128
126
120
118
112
109
105
104
100
95
92
89
88
82
80
76
74
68
64
62
54
52
48
45
42
37
36
28
26
22
16
14
10
9
8
2
1
0
-1
-2
-2
-2
-2
0
0
2
5
8
10
14
16
22
24
28
30
36
38
42
46
48
53
57
62
66
68
74
76
80
85
88
91
92
98
104
105
106
112
114
118
123
127
132
134
136
138
142
144
147
150
151
151
151
151
150
150
144
142
138
136
133
128
126
120
118
112
109
105
104
100
98
92
92
91
90
89
90
90
89
90
91
92
98
100
104
105
109
112
116
118
123
127
132
134
136
138
142
144
147
150
150
151
151
151
150
150
144
142
138
136
133
128
126
120
118
112
109
105
104
100
95
92
89
88
82
80
76
74
68
64
62
54
52
48
45
42
37
36
28
26
22
16
14
10
8
2
1
-2
-5
-10
-12
-15
-19
-22
-28
-30
-36
-38
-42
-46
-48
-53
-57
-62
-66
-68
-74
-76
-80
-82
-88
-89
-92
-98
-99
-104
-105
-109
-112
-116
-119
-126
-128
-132
-135
-138
-142
-144
-152
-154
-158
-161
-166
-166
-171
-172
-178
180
178
172
170
166
164
158
156
152
147
143
138
136
132
128
126
120
118
112
109
105
104
100
95
92
89
88
82
80
76
74
68
64
62
54
52
48
45
42
37
36
28
26
22
16
14
10
9
8
2
1
0
-1
-2
-2
-2
-2
0
0
2
5
8
10
14
16
22
24
28
30
36
38
42
45
48
52
53
57
60
60
61
61
61
60
57
54
52
48
45
42
38
36
30
26
22
16
14
10
8
2
1
-2
-5
-10
-12
-15
-19
-22
-28
-30
-36
-38
-42
-46
-48
-53
-57
-62
-66
-68
-74
-76
-80
-82
-85
-88
-89
-90
-90
-92
-92
-92
-92
-91
-90
-88
-82
-82
-80
-76
-74
-68
-66
-62
-60
-54
-52
-48
-45
-42
-38
-36
-28
-26
-22
-16
-14
-10
-8
-2
0
2
8
10
14
16
22
24
28
30
36
38
42
46
48
52
54
57
60
61
61
61
61
60
57
54
52
48
45
42
38
36
30
26
22
16
14
10
8
2
1
-2
-5
-10
-12
-15
-19
-22
-28
-30
-36
-38
-42
-46
-48
-53
-57
-62
-66
-68
-74
-76
-80
-82
-88
-89
-92
-98
-99
-104
-105
-109
-112
-116
-119
-126
-128
-132
-135
-138
-142
-144
-152
-154
-158
-161
-166
-166
-170
-172
-178
-178
-179
180
180
179
179
180
180
-179
-178
-172
-171
-166
-166
-161
-158
-154
-151
-150
-144
-142
-137
-135
-132
-128
-127
-126
-120
-120
-120
-120
-120
-120
-123
-126
-128
-132
-135
-138
-142
-144
-150
-154
-158
-161
-166
-166
-171
-172
-178
180
178
172
170
166
164
158
156
152
147
143
138
136
132
128
126
120
118
112
109
105
104
100
98
92
92
91
90
89
90
90
89
90
91
92
98
100
104
105
109
112
116
118
123
127
132
134
136
138
144
150
152
156
158
164
168
170
172
178
-179
-178
-172
-170
-166
-164
-158
-156
-152
-147
-144
-142
-137
-134
-132
-128
-126
-119
-116
-113
-109
-106
-100
-98
-95
-92
-88
-82
-81
-76
-75
-68
-67
-64
-60
-54
-52
-48
-45
-43
-42
-37
-36
-33
-30
-30
-30
-30
-30
-36
-37
-38
-43
-46
-48
-52
-57
-62
-66
-68
-74
-76
-80
-82
-88
-89
-92
-98
-99
-104
-105
-109
-112
-116
-119
-126
-128
-132
-135
-138
-142
-144
-152
-154
-158
-161
-166
-166
-171
-172
-178
180
178
172
170
166
164
158
156
152
147
143
138
136
132
128
126
120
118
112
109
105
104
100
95
92
89
88
82
80
76
74
68
64
62
54
52
48
45
42
37
36
28
26
22
16
14
10
8
2
1
-2
-5
-10
-12
-15
-19
-22
-28
-30
-36
-38
-42
-46
-48
-53
-57
-62
-66
-68
-74
-76
-80
-82
-85
-88
-89
-90
-90
-92
-92
-92
-92
-91
-90
-88
-82
-82
-80
-76
-74
-68
-66
-62
-60
-54
-52
-48
-45
-42
-38
-36
-28
-26
-22
-16
-14
-10
-8
-2
0
2
8
10
14
16
22
24
28
30
36
38
42
46
48
52
54
62
64
67
74
75
80
82
88
90
92
98
100
104
106
112
114
118
123
127
132
134
136
138
142
144
147
150
151
151
151
151
150
150
144
142
138
136
133
128
126
120
118
112
109
105
104
100
98
92
92
91
90
89
90
90
89
90
91
92
98
100
104
105
109
112
116
118
123
127
132
134
136
138
142
144
147
150
150
151
151
151
150
150
144
142
138
136
133
128
126
120
118
112
109
105
104
100
95
92
89
88
82
80
76
74
68
64
62
54
52
48
45
42
37
36
28
26
22
16
14
10
9
8
2
1
0
-1
-2
-2
-2
-2
0
0
2
5
8
10
14
16
22
24
28
30
36
38
42
46
48
53
57
62
66
68
74
76
80
85
88
91
92
98
104
105
106
112
114
118
123
127
132
134
136
138
142
144
147
150
151
151
151
151
150
150
144
142
138
136
133
128
126
120
118
112
109
105
104
100
95
92
89
88
82
80
76
74
68
64
62
54
52
48
45
42
37
36
28
26
22
16
14
10
9
8
2
1
0
-1
-2
-2
-2
-2
0
0
2
5
8
10
14
16
22
24
28
30
36
38
42
45
48
52
53
57
60
60
61
61
61
60
57
54
52
48
45
42
38
36
30
26
22
16
14
10
9
8
2
1
0
-1
-2
-2
-2
-2
0
0
2
5
8
10
14
16
22
24
28
30
36
38
42
46
48
53
57
62
66
68
74
76
80
85
88
91
92
98
104
105
106
112
114
118
123
127
132
134
136
138
142
144
147
150
151
151
151
151
150
150
144
142
138
136
133
128
126
120
118
112
109
105
104
100
95
92
89
88
82
80
76
74
68
64
62
54
52
48
45
42
37
36
28
26
22
16
14
10
8
2
1
-2
-5
-10
-12
-15
-19
-22
-28
-30
-36
-38
-42
-46
-48
-53
-57
-62
-66
-68
-74
-76
-80
-82
-88
-89
-92
-98
-99
-104
-105
-109
-112
-116
-119
-126
-128
-132
-135
-138
-142
-144
-152
-154
-158
-161
-166
-166
-170
-172
-178
-178
-179
180
180
179
179
180
180
-179
-178
-172
-171
-166
-166
-161
-158
-154
-151
-150
-144
-142
-137
-135
-132
-128
-127
-126
-120
-120
-120
-120
-120
-120
-123
-126
-128
-132
-135
-138
-142
-144
-150
-154
-158
-161
-166
-166
-170
-172
-178
-178
-179
180
180
179
179
180
180
-179
-178
-172
-171
-166
-166
-161
-158
-154
-151
-150
-144
-142
-137
-135
-132
-128
-127
-126
-120
-120
-120
-120
-120
-120
-123
-126
-128
-132
-135
-138
-142
-144
-150
-154
-158
-161
-166
-166
-171
-172
-178
180
178
172
170
166
164
158
156
152
147
143
138
136
132
128
126
120
118
112
109
105
104
100
98
92
92
91
90
89
90
90
89
90
91
92
98
100
104
105
109
112
116
118
123
127
132
134
136
138
142
144
147
150
150
151
151
151
150
150
144
142
138
136
133
128
126
120
118
112
109
105
104
100
95
92
89
88
82
80
76
74
68
64
62
54
52
48
45
42
37
36
28
26
22
16
14
10
8
2
1
-2
-5
-10
-12
-15
-19
-22
-28
-30
-36
-38
-42
-46
-48
-53
-57
-62
-66
-68
-74
-76
-80
-82
-88
-89
-92
-98
-99
-104
-105
-109
-112
-116
-119
-126
-128
-132
-135
-138
-142
-144
-152
-154
-158
-161
-166
-166
-171
-172
-178
180
178
172
170
166
164
158
156
152
147
143
138
136
132
128
126
120
118
112
109
105
104
100
98
92
92
91
90
89
90
90
89
90
91
92
98
100
104
105
109
112
116
118
123
127
132
134
136
138
142
144
147
150
150
151
151
151
150
150
144
142
138
136
133
128
126
120
118
112
109
105
104
100
95
92
89
88
82
80
76
74
68
64
62
54
52
48
45
42
37
36
28
26
22
16
14
10
8
2
1
-2
-5
-10
-12
-15
-19
-22
-28
-30
-36
-38
-42
-46
-48
-53
-57
-62
-66
-68
-74
-76
-80
-82
-85
-88
-89
-90
-90
-92
-92
-92
-92
-91
-90
-88
-82
-82
-80
-76
-74
-68
-66
-62
-60
-54
-52
-48
-45
-42
-38
-36
-28
-26
-22
-16
-14
-10
-8
-2
0
2
8
10
14
16
22
24
28
30
36
38
42
46
48
52
54
57
60
61
61
61
61
60
57
54
52
48
45
42
38
36
30
26
22
16
14
10
8
2
1
-2
-5
-10
-12
-15
-19
-22
-28
-30
-36
-38
-42
-46
-48
-53
-57
-62
-66
-68
-74
-76
-80
-82
-85
-88
-89
-90
-90
-92
-92
-92
-92
-91
-90
-88
-82
-82
-80
-76
-74
-68
-66
-62
-60
-54
-52
-48
-46
-43
-38
-38
-36
-33
-30
-30
-30
-30
-30
-36
-37
-38
-43
-46
-48
-52
-57
-62
-66
-68
-74
-76
-80
-82
-85
-88
-89
-90
-90
-92
-92
-92
-92
-91
-90
-88
-82
-82
-80
-76
-74
-68
-66
-62
-60
-54
-52
-48
-45
-42
-38
-36
-28
-26
-22
-16
-14
-10
-8
-2
0
2
8
10
14
16
22
24
28
30
36
38
42
46
48
52
54
62
64
67
74
75
80
82
88
90
92
98
100
104
106
112
114
118
123
127
132
134
136
138
142
147
152
156
158
164
165
170
172
178
180
-178
-172
-170
-166
-164
-158
-156
-152
-147
-144
-142
-137
-134
-132
-128
-126
-126
-120
-120
-120
-120
-120
-120
-123
-126
-128
-132
-135
-138
-142
-144
-150
-154
-158
-161
-166
-166
-171
-172
-178
180
178
172
170
166
164
158
156
152
147
143
138
136
132
128
126
120
118
112
109
105
104
100
98
92
92
91
90
89
90
90
89
90
91
92
98
100
104
105
109
112
116
118
123
127
132
134
136
138
142
144
147
150
150
151
151
151
150
150
144
142
138
136
133
128
126
120
118
112
109
105
104
100
98
92
92
91
90
89
90
90
89
90
91
92
98
100
104
105
109
112
116
118
123
127
132
134
136
138
144
150
152
156
158
164
168
170
172
178
-179
-178
-172
-170
-166
-164
-158
-156
-152
-147
-144
-142
-137
-134
-132
-128
-126
-119
-116
-113
-109
-106
-100
-98
-95
-92
-88
-82
-81
-76
-75
-68
-67
-64
-60
-54
-52
-48
-45
-43
-42
-37
-36
-33
-30
-30
-30
-30
-30
-36
-37
-38
-43
-46
-48
-52
-57
-62
-66
-68
-74
-76
-80
-82
-88
-89
-92
-98
-99
-104
-105
-109
-112
-116
-119
-126
-128
-132
-135
-138
-142
-144
-152
-154
-158
-161
-166
-166
-171
-172
-178
180
178
172
170
166
164
158
156
152
147
143
138
136
132
128
126
120
118
112
109
105
104
100
95
92
89
88
82
80
76
74
68
64
62
54
52
48
45
42
37
36
28
26
22
16
14
10
8
2
1
-2
-5
-10
-12
-15
-19
-22
-28
-30
-36
-38
-42
-46
-48
-53
-57
-62
-66
-68
-74
-76
-80
-82
-85
-88
-89
-90
-90
-92
-92
-92
-92
-91
-90
-88
-82
-82
-80
-76
-74
-68
-66
-62
-60
-54
-52
-48
-46
-43
-38
-38
-36
-33
-30
-30
-30
-30
-30
-36
-37
-38
-43
-46
-48
-52
-57
-62
-66
-68
-74
-76
-80
-82
-85
-88
-89
-90
-90
-92
-92
-92
-92
-91
-90
-88
-82
-82
-80
-76
-74
-68
-66
-62
-60
-54
-52
-48
-46
-43
-38
-38
-36
-33
-30
-30
-30
-30
-30
-36
-37
-38
-43
-46
-48
-52
-57
-62
-66
-68
-74
-76
-80
-82
-88
-89
-92
-98
-99
-104
-105
-109
-112
-116
-119
-126
-128
-132
-135
-138
-142
-144
-152
-154
-158
-161
-166
-166
-171
-172
-178
180
178
172
170
166
164
158
156
152
147
143
138
136
132
128
126
120
118
112
109
105
104
100
95
92
89
88
82
80
76
74
68
64
62
54
52
48
45
42
37
36
28
26
22
16
14
10
9
8
2
1
0
-1
-2
-2
-2
-2
0
0
2
5
8
10
14
16
22
24
28
30
36
38
42
45
48
52
53
57
60
60
61
61
61
60
57
54
52
48
45
42
38
36
30
26
22
16
14
10
8
2
1
-2
-5
-10
-12
-15
-19
-22
-28
-30
-36
-38
-42
-46
-48
-53
-57
-62
-66
-68
-74
-76
-80
-82
-88
-89
-92
-98
-99
-104
-105
-109
-112
-116
-119
-126
-128
-132
-135
-138
-142
-144
-152
-154
-158
-161
-166
-166
-170
-172
-178
-178
-179
180
180
179
179
180
180
-179
-178
-172
-171
-166
-166
-161
-158
-154
-151
-150
-144
-142
-137
-134
-132
-127
-123
-118
-114
-112
-106
-104
-100
-98
-92
-90
-88
-82
-80
-76
-74
-68
-67
-64
-60
-54
-52
-48
-45
-42
-38
-36
-30
-28
-24
-19
-16
-14
-8
-8
0
2
8
10
14
16
22
24
28
30
36
38
42
46
48
52
54
62
64
67
74
75
80
82
88
90
92
98
100
104
106
112
114
118
123
127
132
134
136
138
142
144
147
150
151
151
151
151
150
150
144
142
138
136
133
128
126
120
118
112
109
105
104
100
95
92
89
88
82
80
76
74
68
64
62
54
52
48
45
42
37
36
28
26
22
16
14
10
9
8
2
1
0
-1
-2
-2
-2
-2
0
0
2
5
8
10
14
16
22
24
28
30
36
38
42
46
48
53
57
62
66
68
74
76
80
85
88
91
92
98
104
105
106
112
114
118
123
127
132
134
136
138
142
144
147
150
151
151
151
151
150
150
144
142
138
136
133
128
126
120
118
112
109
105
104
100
95
92
89
88
82
80
76
74
68
64
62
54
52
48
45
42
37
36
28
26
22
16
14
10
8
2
1
-2
-5
-10
-12
-15
-19
-22
-28
-30
-36
-38
-42
-46
-48
-53
-57
-62
-66
-68
-74
-76
-80
-82
-85
-88
-89
-90
-90
-92
-92
-92
-92
-91
-90
-88
-82
-82
-80
-76
-74
-68
-66
-62
-60
-54
-52
-48
-45
-42
-38
-36
-28
-26
-22
-16
-14
-10
-8
-2
0
2
8
10
14
16
22
24
28
30
36
38
42
46
48
52
54
62
64
67
74
75
80
82
88
90
92
98
100
104
106
112
114
118
123
127
132
134
136
138
142
147
152
156
158
164
165
170
172
178
180
-178
-172
-170
-166
-164
-158
-156
-152
-147
-144
-142
-137
-134
-132
-128
-126
-126
-120
-120
-120
-120
-120
-120
-123
-126
-128
-132
-135
-138
-142
-144
-150
-154
-158
-161
-166
-166
-170
-172
-178
-178
-179
180
180
179
179
180
180
-179
-178
-172
-171
-166
-166
-161
-158
-154
-151
-150
-144
-142
-137
-134
-132
-127
-123
-118
-114
-112
-106
-104
-100
-98
-92
-90
-88
-82
-80
-76
-74
-68
-67
-64
-60
-54
-52
-48
-45
-43
-42
-37
-36
-33
-30
-30
-30
-30
-30
-36
-37
-38
-43
-46
-48
-52
-57
-62
-66
-68
-74
-76
-80
-82
-85
-88
-89
-90
-90
-92
-92
-92
-92
-91
-90
-88
-82
-82
-80
-76
-74
-68
-66
-62
-60
-54
-52
-48
-45
-42
-38
-36
-28
-26
-22
-16
-14
-10
-8
-2
0
2
8
10
14
16
22
24
28
30
36
38
42
46
48
52
54
62
64
67
74
75
80
82
88
90
92
98
100
104
106
112
114
118
123
127
132
134
136
138
142
144
147
150
151
151
151
151
150
150
144
142
138
136
133
128
126
120
118
112
109
105
104
100
98
92
92
91
90
89
90
90
89
90
91
92
98
100
104
105
109
112
116
118
123
127
132
134
136
138
144
150
152
156
158
164
168
170
172
178
-179
-178
-172
-170
-166
-164
-158
-156
-152
-147
-144
-142
-137
-134
-132
-128
-126
-126
-120
-120
-120
-120
-120
-120
-123
-126
-128
-132
-135
-138
-142
-144
-150
-154
-158
-161
-166
-166
-170
-172
-178
-178
-179
180
180
179
179
180
180
-179
-178
-172
-171
-166
-166
-161
-158
-154
-151
-150
-144
-142
-137
-135
-132
-128
-127
-126
-120
-120
-120
-120
-120
-120
-123
-126
-128
-132
-135
-138
-142
-144
-150
-154
-158
-161
-166
-166
-170
-172
-178
-178
-179
180
180
179
179
180
180
-179
-178
-172
-171
-166
-166
-161
-158
-154
-151
-150
-144
-142
-137
-134
-132
-127
-123
-118
-114
-112
-106
-104
-100
-98
-92
-90
-88
-82
-80
-76
-74
-68
-67
-64
-60
-54
-52
-48
-45
-43
-42
-37
-36
-33
-30
-30
-30
-30
-30
-36
-37
-38
-43
-46
-48
-52
-57
-62
-66
-68
-74
-76
-80
-82
-88
-89
-92
-98
-99
-104
-105
-109
-112
-116
-119
-126
-128
-132
-135
-138
-142
-144
-152
-154
-158
-161
-166
-166
-170
-172
-178
-178
-179
180
180
179
179
180
180
-179
-178
-172
-171
-166
-166
-161
-158
-154
-151
-150
-144
-142
-137
-134
-132
-127
-123
-118
-114
-112
-106
-104
-100
-98
-92
-90
-88
-82
-80
-76
-74
-68
-67
-64
-60
-54
-52
-48
-45
-43
-42
-37
-36
-33
-30
-30
-30
-30
-30
-36
-37
-38
-43
-46
-48
-52
-57
-62
-66
-68
-74
-76
-80
-82
-88
-89
-92
-98
-99
-104
-105
-109
-112
-116
-119
-126
-128
-132
-135
-138
-142
-144
-152
-154
-158
-161
-166
-166
-170
-172
-178
-178
-179
180
180
179
179
180
180
-179
-178
-172
-171
-166
-166
-161
-158
-154
-151
-150
-144
-142
-137
-134
-132
-127
-123
-118
-114
-112
-106
-104
-100
-98
-92
-90
-88
-82
-80
-76
-74
-68
-67
-64
-60
-54
-52
-48
-45
-42
-38
-36
-30
-28
-24
-19
-16
-14
-8
-8
0
2
8
10
14
16
22
24
28
30
36
38
42
46
48
52
54
62
64
67
74
75
80
82
88
90
92
98
100
104
106
112
114
118
123
127
132
134
136
138
142
147
152
156
158
164
165
170
172
178
180
-178
-172
-170
-166
-164
-158
-156
-152
-147
-144
-142
-137
-134
-132
-128
-126
-126
-120
-120
-120
-120
-120
-120
-123
-126
-128
-132
-135
-138
-142
-144
-150
-154
-158
-161
-166
-166
-171
-172
-178
180
178
172
170
166
164
158
156
152
147
143
138
136
132
128
126
120
118
112
109
105
104
100
